#          k/h    CDM            baryon         photon         nu             mass_nu        total          no_nu          total_de       Weyl           v_CDM          v_b            v_b-v_c     
   0.104976E-04   0.197876E+08   0.197876E+08   0.263697E+08   0.263694E+08   0.197898E+08   0.197876E+08   0.197876E+08   0.197943E+08  -0.473119E+00   0.104471E+08   0.104471E+08   0.517239E+01
   0.115913E-04   0.197876E+08   0.197876E+08   0.263666E+08   0.263663E+08   0.197898E+08   0.197876E+08   0.197876E+08   0.197943E+08  -0.473119E+00   0.104471E+08   0.104471E+08   0.571110E+01
   0.127990E-04   0.197876E+08   0.197876E+08   0.263629E+08   0.263625E+08   0.197898E+08   0.197876E+08   0.197876E+08   0.197943E+08  -0.473119E+00   0.104471E+08   0.104471E+08   0.630588E+01
   0.141326E-04   0.197876E+08   0.197876E+08   0.263584E+08   0.263579E+08   0.197897E+08   0.197876E+08   0.197876E+08   0.197943E+08  -0.473119E+00   0.104471E+08   0.104471E+08   0.696254E+01
   0.156050E-04   0.197876E+08   0.197876E+08   0.263529E+08   0.263522E+08   0.197897E+08   0.197876E+08   0.197876E+08   0.197942E+08  -0.473118E+00   0.104471E+08   0.104471E+08   0.768749E+01
   0.172309E-04   0.197876E+08   0.197876E+08   0.263462E+08   0.263454E+08   0.197897E+08   0.197876E+08   0.197876E+08   0.197942E+08  -0.473118E+00   0.104471E+08   0.104471E+08   0.848782E+01
   0.190262E-04   0.197876E+08   0.197876E+08   0.263380E+08   0.263370E+08   0.197897E+08   0.197876E+08   0.197876E+08   0.197942E+08  -0.473118E+00   0.104471E+08   0.104471E+08   0.937131E+01
   0.210085E-04   0.197875E+08   0.197875E+08   0.263281E+08   0.263269E+08   0.197896E+08   0.197875E+08   0.197875E+08   0.197942E+08  -0.473117E+00   0.104471E+08   0.104471E+08   0.103466E+02
   0.231973E-04   0.197875E+08   0.197875E+08   0.263159E+08   0.263145E+08   0.197896E+08   0.197875E+08   0.197875E+08   0.197942E+08  -0.473116E+00   0.104471E+08   0.104471E+08   0.114230E+02
   0.256142E-04   0.197875E+08   0.197875E+08   0.263011E+08   0.262993E+08   0.197895E+08   0.197875E+08   0.197875E+08   0.197941E+08  -0.473116E+00   0.104471E+08   0.104471E+08   0.126111E+02
   0.282830E-04   0.197875E+08   0.197874E+08   0.262831E+08   0.262809E+08   0.197894E+08   0.197875E+08   0.197875E+08   0.197941E+08  -0.473115E+00   0.104471E+08   0.104471E+08   0.139223E+02
   0.312298E-04   0.197874E+08   0.197874E+08   0.262611E+08   0.262585E+08   0.197893E+08   0.197874E+08   0.197874E+08   0.197940E+08  -0.473113E+00   0.104470E+08   0.104470E+08   0.153691E+02
   0.344836E-04   0.197874E+08   0.197874E+08   0.262343E+08   0.262311E+08   0.197892E+08   0.197874E+08   0.197874E+08   0.197940E+08  -0.473112E+00   0.104470E+08   0.104470E+08   0.169653E+02
   0.380764E-04   0.197873E+08   0.197873E+08   0.262017E+08   0.261978E+08   0.197890E+08   0.197873E+08   0.197873E+08   0.197939E+08  -0.473110E+00   0.104470E+08   0.104470E+08   0.187262E+02
   0.420435E-04   0.197872E+08   0.197872E+08   0.261620E+08   0.261573E+08   0.197888E+08   0.197872E+08   0.197872E+08   0.197938E+08  -0.473108E+00   0.104469E+08   0.104469E+08   0.206681E+02
   0.464240E-04   0.197871E+08   0.197871E+08   0.261137E+08   0.261079E+08   0.197886E+08   0.197871E+08   0.197871E+08   0.197937E+08  -0.473105E+00   0.104469E+08   0.104469E+08   0.228093E+02
   0.512609E-04   0.197870E+08   0.197870E+08   0.260549E+08   0.260479E+08   0.197883E+08   0.197870E+08   0.197870E+08   0.197936E+08  -0.473102E+00   0.104468E+08   0.104468E+08   0.251692E+02
   0.566017E-04   0.197869E+08   0.197869E+08   0.259834E+08   0.259748E+08   0.197880E+08   0.197869E+08   0.197869E+08   0.197935E+08  -0.473098E+00   0.104468E+08   0.104468E+08   0.277694E+02
   0.624990E-04   0.197867E+08   0.197867E+08   0.258964E+08   0.258860E+08   0.197876E+08   0.197867E+08   0.197867E+08   0.197933E+08  -0.473093E+00   0.104467E+08   0.104467E+08   0.306329E+02
   0.690107E-04   0.197865E+08   0.197865E+08   0.257907E+08   0.257781E+08   0.197871E+08   0.197865E+08   0.197865E+08   0.197931E+08  -0.473087E+00   0.104466E+08   0.104466E+08   0.337844E+02
   0.762008E-04   0.197863E+08   0.197863E+08   0.256624E+08   0.256470E+08   0.197865E+08   0.197863E+08   0.197863E+08   0.197928E+08  -0.473080E+00   0.104464E+08   0.104464E+08   0.372504E+02
   0.841401E-04   0.197860E+08   0.197860E+08   0.255068E+08   0.254881E+08   0.197858E+08   0.197860E+08   0.197860E+08   0.197924E+08  -0.473071E+00   0.104463E+08   0.104463E+08   0.410591E+02
   0.929066E-04   0.197857E+08   0.197856E+08   0.253182E+08   0.252956E+08   0.197849E+08   0.197857E+08   0.197857E+08   0.197920E+08  -0.473061E+00   0.104461E+08   0.104461E+08   0.452399E+02
   0.102586E-03   0.197852E+08   0.197852E+08   0.250900E+08   0.250626E+08   0.197838E+08   0.197852E+08   0.197852E+08   0.197915E+08  -0.473048E+00   0.104459E+08   0.104458E+08   0.498229E+02
   0.113275E-03   0.197847E+08   0.197847E+08   0.248143E+08   0.247812E+08   0.197825E+08   0.197847E+08   0.197847E+08   0.197909E+08  -0.473032E+00   0.104456E+08   0.104456E+08   0.548390E+02
   0.125077E-03   0.197841E+08   0.197840E+08   0.244820E+08   0.244421E+08   0.197809E+08   0.197840E+08   0.197841E+08   0.197902E+08  -0.473013E+00   0.104452E+08   0.104452E+08   0.603183E+02
   0.138109E-03   0.197833E+08   0.197832E+08   0.240824E+08   0.240343E+08   0.197789E+08   0.197833E+08   0.197833E+08   0.197893E+08  -0.472990E+00   0.104448E+08   0.104448E+08   0.662891E+02
   0.152498E-03   0.197823E+08   0.197822E+08   0.236033E+08   0.235456E+08   0.197765E+08   0.197823E+08   0.197823E+08   0.197882E+08  -0.472961E+00   0.104443E+08   0.104443E+08   0.727764E+02
   0.168387E-03   0.197812E+08   0.197811E+08   0.230311E+08   0.229621E+08   0.197736E+08   0.197811E+08   0.197812E+08   0.197869E+08  -0.472927E+00   0.104437E+08   0.104436E+08   0.797993E+02
   0.185931E-03   0.197798E+08   0.197796E+08   0.223509E+08   0.222687E+08   0.197700E+08   0.197797E+08   0.197798E+08   0.197854E+08  -0.472886E+00   0.104429E+08   0.104429E+08   0.873679E+02
   0.205303E-03   0.197781E+08   0.197779E+08   0.215467E+08   0.214493E+08   0.197657E+08   0.197780E+08   0.197781E+08   0.197834E+08  -0.472835E+00   0.104420E+08   0.104419E+08   0.954797E+02
   0.226693E-03   0.197760E+08   0.197758E+08   0.206025E+08   0.204878E+08   0.197604E+08   0.197759E+08   0.197760E+08   0.197811E+08  -0.472775E+00   0.104409E+08   0.104408E+08   0.104114E+03
   0.250312E-03   0.197735E+08   0.197733E+08   0.195034E+08   0.193695E+08   0.197540E+08   0.197734E+08   0.197735E+08   0.197783E+08  -0.472701E+00   0.104395E+08   0.104395E+08   0.113227E+03
   0.276392E-03   0.197705E+08   0.197702E+08   0.182374E+08   0.180824E+08   0.197463E+08   0.197703E+08   0.197704E+08   0.197749E+08  -0.472613E+00   0.104379E+08   0.104378E+08   0.122741E+03
   0.305189E-03   0.197668E+08   0.197664E+08   0.167980E+08   0.166208E+08   0.197368E+08   0.197666E+08   0.197667E+08   0.197708E+08  -0.472507E+00   0.104359E+08   0.104358E+08   0.132541E+03
   0.336986E-03   0.197624E+08   0.197619E+08   0.151876E+08   0.149879E+08   0.197254E+08   0.197621E+08   0.197623E+08   0.197659E+08  -0.472381E+00   0.104335E+08   0.104334E+08   0.142463E+03
   0.372096E-03   0.197570E+08   0.197565E+08   0.134220E+08   0.132011E+08   0.197115E+08   0.197567E+08   0.197569E+08   0.197601E+08  -0.472230E+00   0.104306E+08   0.104305E+08   0.152283E+03
   0.410865E-03   0.197506E+08   0.197500E+08   0.115346E+08   0.112958E+08   0.196947E+08   0.197502E+08   0.197505E+08   0.197531E+08  -0.472050E+00   0.104272E+08   0.104270E+08   0.161719E+03
   0.453672E-03   0.197428E+08   0.197421E+08   0.958056E+07   0.932970E+07   0.196745E+08   0.197424E+08   0.197427E+08   0.197448E+08  -0.471837E+00   0.104230E+08   0.104228E+08   0.170419E+03
   0.500940E-03   0.197336E+08   0.197328E+08   0.763849E+07   0.738444E+07   0.196500E+08   0.197331E+08   0.197335E+08   0.197350E+08  -0.471586E+00   0.104180E+08   0.104177E+08   0.177979E+03
   0.553133E-03   0.197226E+08   0.197216E+08   0.580756E+07   0.556208E+07   0.196205E+08   0.197220E+08   0.197224E+08   0.197234E+08  -0.471292E+00   0.104120E+08   0.104117E+08   0.183954E+03
   0.610763E-03   0.197095E+08   0.197083E+08   0.419689E+07   0.397388E+07   0.195852E+08   0.197087E+08   0.197093E+08   0.197098E+08  -0.470948E+00   0.104050E+08   0.104046E+08   0.187898E+03
   0.674398E-03   0.196939E+08   0.196926E+08   0.290534E+07   0.271892E+07   0.195427E+08   0.196930E+08   0.196937E+08   0.196938E+08  -0.470548E+00   0.103966E+08   0.103962E+08   0.189412E+03
   0.744663E-03   0.196756E+08   0.196741E+08   0.199251E+07   0.185397E+07   0.194920E+08   0.196745E+08   0.196754E+08   0.196750E+08  -0.470084E+00   0.103867E+08   0.103863E+08   0.188210E+03
   0.822248E-03   0.196540E+08   0.196524E+08   0.144860E+07   0.136278E+07   0.194315E+08   0.196528E+08   0.196538E+08   0.196532E+08  -0.469547E+00   0.103751E+08   0.103747E+08   0.184182E+03
   0.907918E-03   0.196288E+08   0.196270E+08   0.117987E+07   0.114220E+07   0.193597E+08   0.196273E+08   0.196285E+08   0.196276E+08  -0.468925E+00   0.103616E+08   0.103611E+08   0.177432E+03
   0.100251E-02   0.195994E+08   0.195975E+08   0.103099E+07   0.102740E+07   0.192746E+08   0.195976E+08   0.195991E+08   0.195979E+08  -0.468207E+00   0.103458E+08   0.103453E+08   0.168275E+03
   0.110696E-02   0.195652E+08   0.195631E+08   0.855055E+06   0.866190E+06   0.191744E+08   0.195631E+08   0.195648E+08   0.195633E+08  -0.467375E+00   0.103275E+08   0.103269E+08   0.157187E+03
   0.122230E-02   0.195255E+08   0.195234E+08   0.603273E+06   0.612270E+06   0.190566E+08   0.195230E+08   0.195252E+08   0.195232E+08  -0.466413E+00   0.103063E+08   0.103057E+08   0.144719E+03
   0.134965E-02   0.194796E+08   0.194774E+08   0.357311E+06   0.356395E+06   0.189194E+08   0.194767E+08   0.194793E+08   0.194768E+08  -0.465301E+00   0.102818E+08   0.102813E+08   0.131446E+03
   0.149027E-02   0.194267E+08   0.194245E+08   0.233380E+06   0.223958E+06   0.187609E+08   0.194234E+08   0.194264E+08   0.194234E+08  -0.464021E+00   0.102536E+08   0.102531E+08   0.117982E+03
   0.164554E-02   0.193659E+08   0.193636E+08   0.221742E+06  -0.172421E+06   0.185791E+08   0.193620E+08   0.193655E+08   0.193620E+08  -0.462551E+00   0.102212E+08   0.102207E+08   0.105018E+03
   0.181698E-02   0.192961E+08   0.192939E+08   0.186261E+06  -0.140901E+06   0.183723E+08   0.192916E+08   0.192958E+08   0.192916E+08  -0.460868E+00   0.101841E+08   0.101836E+08   0.932291E+02
   0.200629E-02   0.192164E+08   0.192141E+08   0.901938E+05  -0.115083E+06   0.181391E+08   0.192112E+08   0.192161E+08   0.192112E+08  -0.458945E+00   0.101417E+08   0.101412E+08   0.830554E+02
   0.221533E-02   0.191256E+08   0.191233E+08   0.524564E+05  -0.939421E+05   0.178787E+08   0.191196E+08   0.191252E+08   0.191196E+08  -0.456755E+00   0.100934E+08   0.100929E+08   0.745589E+02
   0.244614E-02   0.190225E+08   0.190200E+08   0.595972E+05  -0.766350E+05   0.175907E+08   0.190157E+08   0.190221E+08   0.190157E+08  -0.454271E+00   0.100386E+08   0.100381E+08   0.675064E+02
   0.270100E-02   0.189059E+08   0.189033E+08   0.241605E+05  -0.624707E+05   0.172749E+08   0.188981E+08   0.189055E+08   0.188981E+08  -0.451462E+00   0.997660E+07   0.997611E+07   0.614505E+02
   0.298242E-02   0.187745E+08   0.187717E+08   0.245779E+05  -0.508833E+05   0.169312E+08   0.187657E+08   0.187740E+08   0.187657E+08  -0.448298E+00   0.990682E+07   0.990632E+07   0.558543E+02
   0.329315E-02   0.186270E+08   0.186240E+08   0.104420E+05  -0.414081E+05   0.165592E+08   0.186172E+08   0.186265E+08   0.186172E+08  -0.444749E+00   0.982852E+07   0.982802E+07   0.504422E+02
   0.363626E-02   0.184621E+08   0.184589E+08   0.449206E+04  -0.336641E+05   0.161582E+08   0.184512E+08   0.184616E+08   0.184512E+08  -0.440783E+00   0.974104E+07   0.974055E+07   0.452978E+02
   0.401512E-02   0.182785E+08   0.182750E+08  -0.303425E+04  -0.273387E+05   0.157269E+08   0.182665E+08   0.182780E+08   0.182665E+08  -0.436369E+00   0.964367E+07   0.964318E+07   0.407146E+02
   0.443345E-02   0.180749E+08   0.180710E+08   0.224361E+03  -0.221755E+05   0.152639E+08   0.180616E+08   0.180743E+08   0.180616E+08  -0.431476E+00   0.953572E+07   0.953523E+07   0.367996E+02
   0.489537E-02   0.178499E+08   0.178456E+08  -0.205346E+04  -0.179640E+05   0.147701E+08   0.178354E+08   0.178493E+08   0.178354E+08  -0.426071E+00   0.941648E+07   0.941600E+07   0.333142E+02
   0.540541E-02   0.176023E+08   0.175975E+08  -0.267753E+04  -0.145316E+05   0.142452E+08   0.175864E+08   0.176016E+08   0.175864E+08  -0.420123E+00   0.928528E+07   0.928479E+07   0.300366E+02
   0.596860E-02   0.173307E+08   0.173253E+08  -0.189795E+04  -0.117366E+05   0.136887E+08   0.173134E+08   0.173298E+08   0.173134E+08  -0.413601E+00   0.914138E+07   0.914090E+07   0.270804E+02
   0.659046E-02   0.170341E+08   0.170280E+08  -0.238583E+04  -0.946334E+04   0.130695E+08   0.170153E+08   0.170331E+08   0.170153E+08  -0.406478E+00   0.898424E+07   0.898375E+07   0.245199E+02
   0.727712E-02   0.167103E+08   0.167033E+08  -0.207756E+04  -0.761574E+04   0.124363E+08   0.166899E+08   0.167092E+08   0.166899E+08  -0.398706E+00   0.881274E+07   0.881226E+07   0.221849E+02
   0.803531E-02   0.163580E+08   0.163500E+08  -0.203260E+04  -0.611602E+04   0.117764E+08   0.163361E+08   0.163568E+08   0.163361E+08  -0.390254E+00   0.862624E+07   0.862576E+07   0.200961E+02
   0.887251E-02   0.159765E+08   0.159672E+08  -0.238875E+04  -0.490045E+04   0.110989E+08   0.159531E+08   0.159751E+08   0.159531E+08  -0.381103E+00   0.842429E+07   0.842381E+07   0.182532E+02
   0.979693E-02   0.155644E+08   0.155536E+08  -0.122266E+04  -0.391661E+04   0.104047E+08   0.155394E+08   0.155627E+08   0.155394E+08  -0.371222E+00   0.820620E+07   0.820571E+07   0.165948E+02
   0.108177E-01   0.151202E+08   0.151077E+08  -0.160693E+04  -0.312155E+04   0.969332E+07   0.150938E+08   0.151183E+08   0.150938E+08  -0.360576E+00   0.797121E+07   0.797071E+07   0.151456E+02
   0.119447E-01   0.146428E+08   0.146283E+08  -0.134963E+04  -0.248013E+04   0.897045E+07   0.146149E+08   0.146405E+08   0.146149E+08  -0.349136E+00   0.771867E+07   0.771817E+07   0.138431E+02
   0.131893E-01   0.141310E+08   0.141142E+08  -0.969120E+03  -0.196368E+04   0.824384E+07   0.141018E+08   0.141284E+08   0.141018E+08  -0.336879E+00   0.744805E+07   0.744754E+07   0.127001E+02
   0.145634E-01   0.135840E+08   0.135645E+08  -0.960154E+03  -0.154873E+04   0.752009E+07   0.135536E+08   0.135809E+08   0.135536E+08  -0.323782E+00   0.715885E+07   0.715834E+07   0.116831E+02
   0.160808E-01   0.130012E+08   0.129787E+08  -0.875780E+03  -0.121615E+04   0.680169E+07   0.129697E+08   0.129976E+08   0.129697E+08  -0.309833E+00   0.685081E+07   0.685029E+07   0.107786E+02
   0.177562E-01   0.123826E+08   0.123569E+08  -0.533674E+03  -0.950333E+03   0.609807E+07   0.123503E+08   0.123786E+08   0.123503E+08  -0.295036E+00   0.652397E+07   0.652344E+07   0.996230E+01
   0.196062E-01   0.117295E+08   0.117001E+08  -0.508504E+03  -0.738587E+03   0.541481E+07   0.116964E+08   0.117248E+08   0.116964E+08  -0.279415E+00   0.617892E+07   0.617837E+07   0.921756E+01
   0.216490E-01   0.110441E+08   0.110111E+08  -0.356353E+03  -0.570579E+03   0.475898E+07   0.110106E+08   0.110389E+08   0.110106E+08  -0.263032E+00   0.581696E+07   0.581641E+07   0.852326E+01
   0.239046E-01   0.103311E+08   0.102943E+08  -0.296534E+03  -0.437917E+03   0.413738E+07   0.102975E+08   0.103253E+08   0.102975E+08  -0.245996E+00   0.544052E+07   0.543995E+07   0.785499E+01
   0.263952E-01   0.959768E+07   0.955736E+07  -0.234032E+03  -0.333784E+03   0.355690E+07   0.956415E+07   0.959135E+07   0.956415E+07  -0.228478E+00   0.505338E+07   0.505281E+07   0.719389E+01
   0.291453E-01   0.885425E+07   0.881095E+07  -0.148369E+03  -0.252641E+03   0.302323E+07   0.882120E+07   0.884745E+07   0.882120E+07  -0.210729E+00   0.466110E+07   0.466053E+07   0.651900E+01
   0.321819E-01   0.811494E+07   0.806961E+07  -0.159835E+03  -0.189971E+03   0.254161E+07   0.808273E+07   0.810782E+07   0.808273E+07  -0.193088E+00   0.427114E+07   0.427058E+07   0.581461E+01
   0.355349E-01   0.739721E+07   0.735123E+07  -0.950250E+02  -0.142076E+03   0.211587E+07   0.736622E+07   0.738999E+07   0.736622E+07  -0.175971E+00   0.389273E+07   0.389219E+07   0.507215E+01
   0.392372E-01   0.672060E+07   0.667576E+07  -0.698424E+02  -0.105905E+03   0.174794E+07   0.669118E+07   0.671356E+07   0.669118E+07  -0.159845E+00   0.353619E+07   0.353568E+07   0.429407E+01
   0.433253E-01   0.610391E+07   0.606225E+07  -0.774823E+02  -0.789192E+02   0.143728E+07   0.607636E+07   0.609737E+07   0.607636E+07  -0.145158E+00   0.321143E+07   0.321098E+07   0.349761E+01
   0.476579E-01   0.557858E+07   0.554187E+07  -0.584720E+02  -0.596316E+02   0.118900E+07   0.555305E+07   0.557281E+07   0.555305E+07  -0.132657E+00   0.293499E+07   0.293460E+07   0.274619E+01
   0.519904E-01   0.516473E+07   0.513380E+07  -0.455054E+02  -0.464076E+02   0.100167E+07   0.514113E+07   0.515987E+07   0.514113E+07  -0.122816E+00   0.271738E+07   0.271705E+07   0.211077E+01
   0.563229E-01   0.482822E+07   0.480305E+07  -0.362611E+02  -0.369798E+02   0.856132E+06   0.480638E+07   0.482427E+07   0.480638E+07  -0.114819E+00   0.254053E+07   0.254026E+07   0.160277E+01
   0.606555E-01   0.454295E+07   0.452283E+07  -0.294288E+02  -0.300120E+02   0.739635E+06   0.452266E+07   0.453979E+07   0.452266E+07  -0.108042E+00   0.239063E+07   0.239041E+07   0.122325E+01
   0.649880E-01   0.428933E+07   0.427306E+07  -0.242119E+02  -0.246916E+02   0.643666E+06   0.427035E+07   0.428677E+07   0.427035E+07  -0.102014E+00   0.225733E+07   0.225714E+07   0.962547E+00
   0.693205E-01   0.405116E+07   0.403732E+07  -0.201033E+02  -0.205015E+02   0.562285E+06   0.403327E+07   0.404899E+07   0.403327E+07  -0.963507E-01   0.213206E+07   0.213189E+07   0.802073E+00
   0.736531E-01   0.381644E+07   0.380363E+07  -0.167791E+02  -0.171114E+02   0.491496E+06   0.379945E+07   0.381443E+07   0.379945E+07  -0.907649E-01   0.200850E+07   0.200834E+07   0.717692E+00
   0.779856E-01   0.358144E+07   0.356854E+07  -0.140468E+02  -0.143249E+02   0.429214E+06   0.356522E+07   0.357942E+07   0.356522E+07  -0.851694E-01   0.188472E+07   0.188456E+07   0.683814E+00
   0.823181E-01   0.334920E+07   0.333545E+07  -0.117905E+02  -0.120239E+02   0.374526E+06   0.333364E+07   0.334704E+07   0.333364E+07  -0.796372E-01   0.176233E+07   0.176216E+07   0.676565E+00
   0.866507E-01   0.312607E+07   0.311117E+07  -0.993241E+01  -0.101290E+02   0.327006E+06   0.311113E+07   0.312373E+07   0.311113E+07  -0.743216E-01   0.164473E+07   0.164455E+07   0.676190E+00
   0.909832E-01   0.291828E+07   0.290233E+07  -0.841036E+01  -0.857679E+01   0.286231E+06   0.290392E+07   0.291577E+07   0.290392E+07  -0.693716E-01   0.153521E+07   0.153503E+07   0.668518E+00
   0.963719E-01   0.268843E+07   0.267180E+07  -0.690594E+01  -0.704258E+01   0.244133E+06   0.267481E+07   0.268582E+07   0.267481E+07  -0.638984E-01   0.141412E+07   0.141393E+07   0.637236E+00
   0.101761E+00   0.249606E+07   0.247973E+07  -0.575108E+01  -0.586485E+01   0.210520E+06   0.248320E+07   0.249349E+07   0.248320E+07  -0.593211E-01   0.131284E+07   0.131266E+07   0.579449E+00
   0.107149E+00   0.234267E+07   0.232758E+07  -0.486896E+01  -0.496527E+01   0.184047E+06   0.233058E+07   0.234030E+07   0.233058E+07  -0.556751E-01   0.123216E+07   0.123200E+07   0.502102E+00
   0.112538E+00   0.222295E+07   0.220978E+07  -0.418894E+01  -0.427180E+01   0.163116E+06   0.221161E+07   0.222088E+07   0.221161E+07  -0.528329E-01   0.116927E+07   0.116913E+07   0.417385E+00
   0.117927E+00   0.212621E+07   0.211518E+07  -0.364950E+01  -0.372168E+01   0.146083E+06   0.211556E+07   0.212448E+07   0.211556E+07  -0.505385E-01   0.111850E+07   0.111839E+07   0.338008E+00
   0.123316E+00   0.204061E+07   0.203152E+07  -0.320371E+01  -0.326707E+01   0.131570E+06   0.203059E+07   0.203918E+07   0.203059E+07  -0.485086E-01   0.107359E+07   0.107349E+07   0.273696E+00
   0.128704E+00   0.195671E+07   0.194902E+07  -0.282052E+01  -0.287630E+01   0.118640E+06   0.194722E+07   0.195550E+07   0.194722E+07  -0.465171E-01   0.102952E+07   0.102943E+07   0.229312E+00
   0.134093E+00   0.186910E+07   0.186213E+07  -0.248228E+01  -0.253136E+01   0.106776E+06   0.186007E+07   0.186800E+07   0.186007E+07  -0.444350E-01   0.983448E+06   0.983366E+06   0.204625E+00
   0.139482E+00   0.177658E+07   0.176970E+07  -0.218072E+01  -0.222384E+01   0.957940E+05   0.176793E+07   0.177550E+07   0.176793E+07  -0.422341E-01   0.934743E+06   0.934661E+06   0.195384E+00
   0.144871E+00   0.168117E+07   0.167393E+07  -0.191294E+01  -0.195076E+01   0.857052E+05   0.167285E+07   0.168004E+07   0.167285E+07  -0.399626E-01   0.884478E+06   0.884393E+06   0.195153E+00
   0.150259E+00   0.158666E+07   0.157890E+07  -0.167819E+01  -0.171137E+01   0.765971E+05   0.157864E+07   0.158545E+07   0.157864E+07  -0.377122E-01   0.834676E+06   0.834587E+06   0.197289E+00
   0.155648E+00   0.149771E+07   0.148951E+07  -0.147627E+01  -0.150546E+01   0.685729E+05   0.148999E+07   0.149642E+07   0.148999E+07  -0.355942E-01   0.787806E+06   0.787714E+06   0.196570E+00
   0.161037E+00   0.141877E+07   0.141040E+07  -0.130642E+01  -0.133224E+01   0.616973E+05   0.141134E+07   0.141745E+07   0.141134E+07  -0.337155E-01   0.746230E+06   0.746138E+06   0.190111E+00
   0.166425E+00   0.135242E+07   0.134425E+07  -0.116601E+01  -0.118905E+01   0.559376E+05   0.134530E+07   0.135113E+07   0.134530E+07  -0.321377E-01   0.711312E+06   0.711223E+06   0.177477E+00
   0.171814E+00   0.129824E+07   0.129060E+07  -0.105024E+01  -0.107100E+01   0.511403E+05   0.129142E+07   0.129704E+07   0.129142E+07  -0.308507E-01   0.682829E+06   0.682746E+06   0.160188E+00
   0.177203E+00   0.125348E+07   0.124658E+07  -0.953381E+00  -0.972224E+00   0.470855E+05   0.124697E+07   0.125240E+07   0.124697E+07  -0.297887E-01   0.659325E+06   0.659251E+06   0.140876E+00
   0.182592E+00   0.121470E+07   0.120860E+07  -0.870241E+00  -0.887440E+00   0.435622E+05   0.120847E+07   0.121374E+07   0.120847E+07  -0.288691E-01   0.638973E+06   0.638906E+06   0.122383E+00
   0.187980E+00   0.117858E+07   0.117318E+07  -0.796716E+00  -0.812462E+00   0.403963E+05   0.117261E+07   0.117773E+07   0.117261E+07  -0.280123E-01   0.620011E+06   0.619951E+06   0.106982E+00
   0.193369E+00   0.114220E+07   0.113732E+07  -0.729740E+00  -0.744163E+00   0.374552E+05   0.113646E+07   0.114143E+07   0.113646E+07  -0.271488E-01   0.600900E+06   0.600845E+06   0.958964E-01
   0.198758E+00   0.110366E+07   0.109905E+07  -0.667430E+00  -0.680620E+00   0.346587E+05   0.109812E+07   0.110294E+07   0.109812E+07  -0.262330E-01   0.580633E+06   0.580580E+06   0.891951E-01
   0.204147E+00   0.106269E+07   0.105813E+07  -0.609178E+00  -0.621217E+00   0.319878E+05   0.105733E+07   0.106197E+07   0.105733E+07  -0.252585E-01   0.559066E+06   0.559013E+06   0.860086E-01
   0.209535E+00   0.102043E+07   0.101577E+07  -0.555249E+00  -0.566221E+00   0.294679E+05   0.101524E+07   0.101970E+07   0.101524E+07  -0.242530E-01   0.536811E+06   0.536758E+06   0.849226E-01
   0.214924E+00   0.978671E+06   0.973859E+06  -0.506144E+00  -0.516146E+00   0.271368E+05   0.973630E+06   0.977915E+06   0.973630E+06  -0.232590E-01   0.514812E+06   0.514758E+06   0.844185E-01
   0.220313E+00   0.939157E+06   0.934226E+06  -0.462228E+00  -0.471362E+00   0.250253E+05   0.934265E+06   0.938382E+06   0.934265E+06  -0.223186E-01   0.494000E+06   0.493945E+06   0.832521E-01
   0.225702E+00   0.903288E+06   0.898337E+06  -0.423595E+00  -0.431965E+00   0.231494E+05   0.898547E+06   0.902511E+06   0.898547E+06  -0.214653E-01   0.475115E+06   0.475061E+06   0.806930E-01
   0.231090E+00   0.871819E+06   0.866974E+06  -0.389995E+00  -0.397701E+00   0.215056E+05   0.867228E+06   0.871058E+06   0.867228E+06  -0.207172E-01   0.458556E+06   0.458503E+06   0.765898E-01
   0.236479E+00   0.844676E+06   0.840052E+06  -0.360839E+00  -0.367969E+00   0.200705E+05   0.840236E+06   0.843950E+06   0.840236E+06  -0.200724E-01   0.444285E+06   0.444234E+06   0.712808E-01
   0.241868E+00   0.821093E+06   0.816767E+06  -0.335323E+00  -0.341949E+00   0.188069E+05   0.816800E+06   0.820413E+06   0.816800E+06  -0.195125E-01   0.431893E+06   0.431846E+06   0.654049E-01
   0.247256E+00   0.799908E+06   0.795903E+06  -0.312604E+00  -0.318780E+00   0.176733E+05   0.795756E+06   0.799279E+06   0.795756E+06  -0.190098E-01   0.420767E+06   0.420722E+06   0.596782E-01
   0.252645E+00   0.779834E+06   0.776120E+06  -0.291910E+00  -0.297678E+00   0.166309E+05   0.775813E+06   0.779250E+06   0.775813E+06  -0.185334E-01   0.410222E+06   0.410180E+06   0.546963E-01
   0.258034E+00   0.759738E+06   0.756247E+06  -0.272644E+00  -0.278031E+00   0.156487E+05   0.755838E+06   0.759190E+06   0.755838E+06  -0.180562E-01   0.399661E+06   0.399621E+06   0.508078E-01
   0.263423E+00   0.738972E+06   0.735621E+06  -0.254458E+00  -0.259486E+00   0.147096E+05   0.735184E+06   0.738446E+06   0.735184E+06  -0.175628E-01   0.388740E+06   0.388702E+06   0.480766E-01
   0.268811E+00   0.717504E+06   0.714213E+06  -0.237261E+00  -0.241949E+00   0.138102E+05   0.713818E+06   0.716987E+06   0.713818E+06  -0.170524E-01   0.377443E+06   0.377405E+06   0.463193E-01
   0.274200E+00   0.695734E+06   0.692448E+06  -0.221108E+00  -0.225476E+00   0.129557E+05   0.692143E+06   0.695218E+06   0.692143E+06  -0.165346E-01   0.365983E+06   0.365945E+06   0.451932E-01
   0.279589E+00   0.674221E+06   0.670916E+06  -0.206088E+00  -0.210160E+00   0.121533E+05   0.670720E+06   0.673702E+06   0.670720E+06  -0.160228E-01   0.354656E+06   0.354618E+06   0.443053E-01
   0.284978E+00   0.653540E+06   0.650223E+06  -0.192281E+00  -0.196080E+00   0.114095E+05   0.650127E+06   0.653019E+06   0.650127E+06  -0.155308E-01   0.343767E+06   0.343730E+06   0.433154E-01
   0.290366E+00   0.634219E+06   0.630922E+06  -0.179734E+00  -0.183285E+00   0.107290E+05   0.630893E+06   0.633701E+06   0.630893E+06  -0.150714E-01   0.333598E+06   0.333561E+06   0.420072E-01
   0.295755E+00   0.616611E+06   0.613374E+06  -0.168435E+00  -0.171762E+00   0.101129E+05   0.613371E+06   0.616102E+06   0.613371E+06  -0.146528E-01   0.324333E+06   0.324297E+06   0.403138E-01
   0.301144E+00   0.600745E+06   0.597611E+06  -0.158283E+00  -0.161410E+00   0.955683E+04   0.597591E+06   0.600253E+06   0.597591E+06  -0.142758E-01   0.315989E+06   0.315954E+06   0.383006E-01
   0.306533E+00   0.586342E+06   0.583337E+06  -0.149107E+00  -0.152053E+00   0.905181E+04   0.583270E+06   0.585870E+06   0.583270E+06  -0.139337E-01   0.308417E+06   0.308384E+06   0.361218E-01
   0.311921E+00   0.572963E+06   0.570098E+06  -0.140717E+00  -0.143497E+00   0.858755E+04   0.569971E+06   0.572512E+06   0.569971E+06  -0.136160E-01   0.301385E+06   0.301353E+06   0.339643E-01
   0.317310E+00   0.560176E+06   0.557443E+06  -0.132947E+00  -0.135573E+00   0.815482E+04   0.557260E+06   0.559747E+06   0.557260E+06  -0.133124E-01   0.294664E+06   0.294634E+06   0.319963E-01
   0.322699E+00   0.547627E+06   0.545004E+06  -0.125667E+00  -0.128149E+00   0.774641E+04   0.544783E+06   0.547215E+06   0.544783E+06  -0.130143E-01   0.288067E+06   0.288038E+06   0.303281E-01
   0.328087E+00   0.535067E+06   0.532526E+06  -0.118786E+00  -0.121133E+00   0.735742E+04   0.532291E+06   0.534668E+06   0.532291E+06  -0.127159E-01   0.281462E+06   0.281433E+06   0.289946E-01
   0.333476E+00   0.522396E+06   0.519908E+06  -0.112256E+00  -0.114473E+00   0.698530E+04   0.519683E+06   0.522005E+06   0.519683E+06  -0.124147E-01   0.274795E+06   0.274767E+06   0.279601E-01
   0.338865E+00   0.509682E+06   0.507226E+06  -0.106068E+00  -0.108164E+00   0.663008E+04   0.507030E+06   0.509296E+06   0.507030E+06  -0.121124E-01   0.268105E+06   0.268078E+06   0.271401E-01
   0.344254E+00   0.497131E+06   0.494694E+06  -0.100242E+00  -0.102223E+00   0.629338E+04   0.494537E+06   0.496748E+06   0.494537E+06  -0.118140E-01   0.261499E+06   0.261472E+06   0.264300E-01
   0.349642E+00   0.484982E+06   0.482565E+06  -0.948011E-01  -0.966738E-01   0.597711E+04   0.482445E+06   0.484602E+06   0.482445E+06  -0.115251E-01   0.255105E+06   0.255078E+06   0.257326E-01
   0.355031E+00   0.473421E+06   0.471031E+06  -0.897531E-01  -0.915261E-01   0.568227E+04   0.470939E+06   0.473045E+06   0.470939E+06  -0.112502E-01   0.249022E+06   0.248995E+06   0.249787E-01
   0.360420E+00   0.462541E+06   0.460191E+06  -0.850881E-01  -0.867689E-01   0.540858E+04   0.460113E+06   0.462172E+06   0.460113E+06  -0.109916E-01   0.243297E+06   0.243271E+06   0.241372E-01
   0.365809E+00   0.452356E+06   0.450060E+06  -0.807813E-01  -0.823771E-01   0.515491E+04   0.449981E+06   0.451995E+06   0.449981E+06  -0.107496E-01   0.237940E+06   0.237914E+06   0.232150E-01
   0.371197E+00   0.442814E+06   0.440582E+06  -0.767989E-01  -0.783159E-01   0.491943E+04   0.440491E+06   0.442463E+06   0.440491E+06  -0.105229E-01   0.232922E+06   0.232897E+06   0.222480E-01
   0.376586E+00   0.433803E+06   0.431640E+06  -0.730992E-01  -0.745432E-01   0.469977E+04   0.431530E+06   0.433463E+06   0.431530E+06  -0.103088E-01   0.228184E+06   0.228160E+06   0.212855E-01
   0.381975E+00   0.425167E+06   0.423071E+06  -0.696376E-01  -0.710132E-01   0.449335E+04   0.422943E+06   0.424837E+06   0.422943E+06  -0.101037E-01   0.223643E+06   0.223620E+06   0.203755E-01
   0.387363E+00   0.416750E+06   0.414715E+06  -0.663739E-01  -0.676850E-01   0.429778E+04   0.414573E+06   0.416431E+06   0.414573E+06  -0.990371E-02   0.219217E+06   0.219195E+06   0.195528E-01
   0.392752E+00   0.408447E+06   0.406462E+06  -0.632792E-01  -0.645292E-01   0.411139E+04   0.406314E+06   0.408135E+06   0.406314E+06  -0.970642E-02   0.214850E+06   0.214828E+06   0.188331E-01
   0.398141E+00   0.400216E+06   0.398272E+06  -0.603373E-01  -0.615292E-01   0.393329E+04   0.398126E+06   0.399911E+06   0.398126E+06  -0.951082E-02   0.210521E+06   0.210499E+06   0.182125E-01
   0.403530E+00   0.392076E+06   0.390164E+06  -0.575420E-01  -0.586786E-01   0.376322E+04   0.390026E+06   0.391775E+06   0.390026E+06  -0.931732E-02   0.206238E+06   0.206217E+06   0.176715E-01
   0.408918E+00   0.384073E+06   0.382188E+06  -0.548917E-01  -0.559760E-01   0.360123E+04   0.382063E+06   0.383777E+06   0.382063E+06  -0.912710E-02   0.202028E+06   0.202006E+06   0.171821E-01
   0.414307E+00   0.376269E+06   0.374408E+06  -0.523865E-01  -0.534213E-01   0.344745E+04   0.374298E+06   0.375977E+06   0.374298E+06  -0.894158E-02   0.197921E+06   0.197901E+06   0.167155E-01
   0.419696E+00   0.368723E+06   0.366887E+06  -0.500260E-01  -0.510142E-01   0.330200E+04   0.366789E+06   0.368434E+06   0.366789E+06  -0.876219E-02   0.193951E+06   0.193930E+06   0.162491E-01
   0.425085E+00   0.361482E+06   0.359676E+06  -0.478082E-01  -0.487525E-01   0.316484E+04   0.359584E+06   0.361198E+06   0.359584E+06  -0.859009E-02   0.190141E+06   0.190121E+06   0.157700E-01
   0.430473E+00   0.354571E+06   0.352798E+06  -0.457276E-01  -0.466309E-01   0.303577E+04   0.352709E+06   0.354293E+06   0.352709E+06  -0.842586E-02   0.186506E+06   0.186486E+06   0.152762E-01
   0.435862E+00   0.347976E+06   0.346240E+06  -0.437745E-01  -0.446392E-01   0.291421E+04   0.346149E+06   0.347703E+06   0.346149E+06  -0.826914E-02   0.183037E+06   0.183018E+06   0.147745E-01
   0.441251E+00   0.341650E+06   0.339953E+06  -0.419357E-01  -0.427640E-01   0.279940E+04   0.339858E+06   0.341384E+06   0.339858E+06  -0.811884E-02   0.179711E+06   0.179692E+06   0.142767E-01
   0.446640E+00   0.335540E+06   0.333881E+06  -0.401982E-01  -0.409922E-01   0.269055E+04   0.333780E+06   0.335280E+06   0.333780E+06  -0.797366E-02   0.176497E+06   0.176479E+06   0.137962E-01
   0.452028E+00   0.329602E+06   0.327979E+06  -0.385511E-01  -0.393126E-01   0.258700E+04   0.327874E+06   0.329347E+06   0.327874E+06  -0.783257E-02   0.173374E+06   0.173356E+06   0.133440E-01
   0.457417E+00   0.323801E+06   0.322212E+06  -0.369858E-01  -0.377163E-01   0.248825E+04   0.322104E+06   0.323551E+06   0.322104E+06  -0.769473E-02   0.170323E+06   0.170305E+06   0.129267E-01
   0.462806E+00   0.318108E+06   0.316548E+06  -0.354944E-01  -0.361955E-01   0.239384E+04   0.316441E+06   0.317863E+06   0.316441E+06  -0.755944E-02   0.167328E+06   0.167311E+06   0.125449E-01
   0.468195E+00   0.312506E+06   0.310972E+06  -0.340714E-01  -0.347444E-01   0.230343E+04   0.310868E+06   0.312265E+06   0.310868E+06  -0.742631E-02   0.164382E+06   0.164364E+06   0.121944E-01
   0.473583E+00   0.307004E+06   0.305494E+06  -0.327142E-01  -0.333604E-01   0.221691E+04   0.305394E+06   0.306767E+06   0.305394E+06  -0.729555E-02   0.161487E+06   0.161470E+06   0.118681E-01
   0.478972E+00   0.301628E+06   0.300140E+06  -0.314222E-01  -0.320429E-01   0.213428E+04   0.300045E+06   0.301394E+06   0.300045E+06  -0.716777E-02   0.158659E+06   0.158642E+06   0.115578E-01
   0.484361E+00   0.296401E+06   0.294934E+06  -0.301945E-01  -0.307909E-01   0.205553E+04   0.294845E+06   0.296170E+06   0.294845E+06  -0.704353E-02   0.155909E+06   0.155893E+06   0.112563E-01
   0.489749E+00   0.291333E+06   0.289888E+06  -0.290287E-01  -0.296021E-01   0.198054E+04   0.289802E+06   0.291106E+06   0.289802E+06  -0.692308E-02   0.153243E+06   0.153227E+06   0.109584E-01
   0.495138E+00   0.286426E+06   0.285004E+06  -0.279220E-01  -0.284735E-01   0.190916E+04   0.284921E+06   0.286202E+06   0.284921E+06  -0.680646E-02   0.150662E+06   0.150646E+06   0.106618E-01
   0.500527E+00   0.281679E+06   0.280282E+06  -0.268713E-01  -0.274020E-01   0.184121E+04   0.280199E+06   0.281460E+06   0.280199E+06  -0.669367E-02   0.148165E+06   0.148149E+06   0.103672E-01
   0.505916E+00   0.277088E+06   0.275715E+06  -0.258733E-01  -0.263843E-01   0.177650E+04   0.275632E+06   0.276872E+06   0.275632E+06  -0.658456E-02   0.145750E+06   0.145735E+06   0.100771E-01
   0.511304E+00   0.272637E+06   0.271288E+06  -0.249239E-01  -0.254162E-01   0.171480E+04   0.271205E+06   0.272425E+06   0.271205E+06  -0.647879E-02   0.143409E+06   0.143394E+06   0.979499E-02
   0.516693E+00   0.268304E+06   0.266980E+06  -0.240190E-01  -0.244934E-01   0.165582E+04   0.266895E+06   0.268096E+06   0.266895E+06  -0.637585E-02   0.141130E+06   0.141115E+06   0.952400E-02
   0.522082E+00   0.264071E+06   0.262769E+06  -0.231546E-01  -0.236120E-01   0.159934E+04   0.262684E+06   0.263866E+06   0.262684E+06  -0.627525E-02   0.138903E+06   0.138889E+06   0.926630E-02
   0.527471E+00   0.259925E+06   0.258645E+06  -0.223279E-01  -0.227689E-01   0.154517E+04   0.258560E+06   0.259724E+06   0.258560E+06  -0.617673E-02   0.136723E+06   0.136708E+06   0.902269E-02
   0.532859E+00   0.255864E+06   0.254604E+06  -0.215368E-01  -0.219621E-01   0.149320E+04   0.254520E+06   0.255666E+06   0.254520E+06  -0.608022E-02   0.134586E+06   0.134572E+06   0.879261E-02
   0.538248E+00   0.251887E+06   0.250646E+06  -0.207797E-01  -0.211901E-01   0.144335E+04   0.250564E+06   0.251692E+06   0.250564E+06  -0.598572E-02   0.132495E+06   0.132481E+06   0.857435E-02
   0.543637E+00   0.247995E+06   0.246772E+06  -0.200550E-01  -0.204512E-01   0.139551E+04   0.246692E+06   0.247803E+06   0.246692E+06  -0.589322E-02   0.130447E+06   0.130434E+06   0.836554E-02
   0.549025E+00   0.244190E+06   0.242983E+06  -0.193616E-01  -0.197440E-01   0.134962E+04   0.242906E+06   0.244000E+06   0.242906E+06  -0.580278E-02   0.128445E+06   0.128432E+06   0.816380E-02
   0.554414E+00   0.240476E+06   0.239287E+06  -0.186983E-01  -0.190676E-01   0.130563E+04   0.239212E+06   0.240289E+06   0.239212E+06  -0.571453E-02   0.126492E+06   0.126479E+06   0.796729E-02
   0.559803E+00   0.236861E+06   0.235689E+06  -0.180644E-01  -0.184212E-01   0.126349E+04   0.235616E+06   0.236677E+06   0.235616E+06  -0.562861E-02   0.124590E+06   0.124577E+06   0.777492E-02
   0.565192E+00   0.233343E+06   0.232189E+06  -0.174584E-01  -0.178032E-01   0.122313E+04   0.232116E+06   0.233162E+06   0.232116E+06  -0.554501E-02   0.122740E+06   0.122727E+06   0.758632E-02
   0.570580E+00   0.229917E+06   0.228780E+06  -0.168787E-01  -0.172120E-01   0.118443E+04   0.228708E+06   0.229738E+06   0.228708E+06  -0.546359E-02   0.120937E+06   0.120925E+06   0.740174E-02
   0.575969E+00   0.226574E+06   0.225454E+06  -0.163236E-01  -0.166460E-01   0.114730E+04   0.225383E+06   0.226398E+06   0.225383E+06  -0.538417E-02   0.119179E+06   0.119167E+06   0.722185E-02
   0.581358E+00   0.223311E+06   0.222208E+06  -0.157916E-01  -0.161036E-01   0.111165E+04   0.222137E+06   0.223138E+06   0.222137E+06  -0.530663E-02   0.117463E+06   0.117451E+06   0.704748E-02
   0.586747E+00   0.220124E+06   0.219038E+06  -0.152817E-01  -0.155835E-01   0.107740E+04   0.218967E+06   0.219954E+06   0.218967E+06  -0.523089E-02   0.115787E+06   0.115775E+06   0.687934E-02
   0.592135E+00   0.217007E+06   0.215936E+06  -0.147924E-01  -0.150845E-01   0.104447E+04   0.215866E+06   0.216839E+06   0.215866E+06  -0.515682E-02   0.114147E+06   0.114135E+06   0.671776E-02
   0.597524E+00   0.213953E+06   0.212897E+06  -0.143223E-01  -0.146052E-01   0.101277E+04   0.212828E+06   0.213787E+06   0.212828E+06  -0.508424E-02   0.112541E+06   0.112529E+06   0.656264E-02
   0.602913E+00   0.210958E+06   0.209917E+06  -0.138706E-01  -0.141445E-01   0.982243E+03   0.209849E+06   0.210794E+06   0.209849E+06  -0.501307E-02   0.110965E+06   0.110954E+06   0.641356E-02
   0.608302E+00   0.208024E+06   0.206997E+06  -0.134364E-01  -0.137018E-01   0.952848E+03   0.206930E+06   0.207862E+06   0.206930E+06  -0.494333E-02   0.109422E+06   0.109410E+06   0.626992E-02
   0.613690E+00   0.205152E+06   0.204139E+06  -0.130192E-01  -0.132764E-01   0.924553E+03   0.204073E+06   0.204993E+06   0.204073E+06  -0.487510E-02   0.107911E+06   0.107900E+06   0.613102E-02
   0.619079E+00   0.202344E+06   0.201344E+06  -0.126185E-01  -0.128677E-01   0.897320E+03   0.201279E+06   0.202187E+06   0.201279E+06  -0.480836E-02   0.106434E+06   0.106423E+06   0.599618E-02
   0.624468E+00   0.199596E+06   0.198610E+06  -0.122332E-01  -0.124748E-01   0.871092E+03   0.198546E+06   0.199441E+06   0.198546E+06  -0.474305E-02   0.104988E+06   0.104977E+06   0.586487E-02
   0.629856E+00   0.196907E+06   0.195934E+06  -0.118628E-01  -0.120971E-01   0.845835E+03   0.195871E+06   0.196754E+06   0.195871E+06  -0.467916E-02   0.103574E+06   0.103563E+06   0.573675E-02
   0.681274E+00   0.173944E+06   0.173086E+06  -0.895741E-02  -0.913432E-02   0.646057E+03   0.173029E+06   0.173809E+06   0.173029E+06  -0.413348E-02   0.914956E+05   0.914860E+05   0.468109E-02
   0.736889E+00   0.153525E+06   0.152767E+06  -0.675763E-02  -0.689109E-02   0.492552E+03   0.152716E+06   0.153406E+06   0.152716E+06  -0.364823E-02   0.807546E+05   0.807462E+05   0.381849E-02
   0.797043E+00   0.135398E+06   0.134730E+06  -0.509415E-02  -0.519476E-02   0.374888E+03   0.134685E+06   0.135293E+06   0.134685E+06  -0.321747E-02   0.712197E+05   0.712123E+05   0.311279E-02
   0.862109E+00   0.119322E+06   0.118734E+06  -0.383730E-02  -0.391309E-02   0.284876E+03   0.118694E+06   0.119230E+06   0.118694E+06  -0.283547E-02   0.627641E+05   0.627575E+05   0.253549E-02
   0.932485E+00   0.105080E+06   0.104561E+06  -0.288845E-02  -0.294550E-02   0.216146E+03   0.104526E+06   0.104998E+06   0.104526E+06  -0.249702E-02   0.552723E+05   0.552665E+05   0.206372E-02
   0.100861E+01   0.924742E+05   0.920180E+05  -0.217275E-02  -0.221566E-02   0.163764E+03   0.919868E+05   0.924025E+05   0.919868E+05  -0.219747E-02   0.486417E+05   0.486367E+05   0.167857E-02
   0.109094E+01   0.813262E+05   0.809251E+05  -0.163328E-02  -0.166554E-02   0.123907E+03   0.808975E+05   0.812632E+05   0.808975E+05  -0.193256E-02   0.427778E+05   0.427734E+05   0.136435E-02
   0.118000E+01   0.714756E+05   0.711231E+05  -0.122696E-02  -0.125119E-02   0.936292E+02   0.710988E+05   0.714203E+05   0.710988E+05  -0.169847E-02   0.375964E+05   0.375925E+05   0.110821E-02
   0.127633E+01   0.627804E+05   0.624709E+05  -0.921169E-03  -0.939361E-03   0.706655E+02   0.624494E+05   0.627318E+05   0.624494E+05  -0.149185E-02   0.330227E+05   0.330193E+05   0.899589E-03
   0.138052E+01   0.551094E+05   0.548377E+05  -0.691165E-03  -0.704815E-03   0.532721E+02   0.548188E+05   0.550667E+05   0.548188E+05  -0.130956E-02   0.289877E+05   0.289847E+05   0.729770E-03
   0.149322E+01   0.483480E+05   0.481096E+05  -0.518293E-03  -0.528529E-03   0.401165E+02   0.480930E+05   0.483105E+05   0.480930E+05  -0.114889E-02   0.254312E+05   0.254285E+05   0.591644E-03
   0.161511E+01   0.423925E+05   0.421835E+05  -0.388443E-03  -0.396114E-03   0.301791E+02   0.421689E+05   0.423597E+05   0.421689E+05  -0.100737E-02   0.222986E+05   0.222962E+05   0.479368E-03
   0.174696E+01   0.371509E+05   0.369678E+05  -0.290970E-03  -0.296716E-03   0.226817E+02   0.369549E+05   0.371221E+05   0.369549E+05  -0.882814E-03   0.195415E+05   0.195394E+05   0.388168E-03
   0.188957E+01   0.325402E+05   0.323798E+05  -0.217841E-03  -0.222143E-03   0.170315E+02   0.323685E+05   0.325150E+05   0.323685E+05  -0.773250E-03   0.171162E+05   0.171144E+05   0.314129E-03
   0.201662E+01   0.291430E+05   0.289994E+05  -0.171290E-03  -0.174672E-03   0.134213E+02   0.289893E+05   0.291205E+05   0.289893E+05  -0.692523E-03   0.153293E+05   0.153277E+05   0.263447E-03
   0.252652E+01   0.198408E+05   0.197430E+05  -0.742954E-04  -0.757627E-04   0.585653E+01   0.197361E+05   0.198254E+05   0.197361E+05  -0.471474E-03   0.104363E+05   0.104352E+05   0.142769E-03
   0.316533E+01   0.134587E+05   0.133924E+05  -0.321080E-04  -0.327421E-04   0.254143E+01   0.133877E+05   0.134483E+05   0.133877E+05  -0.319818E-03   0.707931E+04   0.707857E+04   0.769798E-04
   0.396567E+01   0.909930E+04   0.905448E+04  -0.138301E-04  -0.141032E-04   0.109772E+01   0.905128E+04   0.909226E+04   0.905128E+04  -0.216226E-03   0.478625E+04   0.478576E+04   0.412757E-04
   0.496836E+01   0.613339E+04   0.610319E+04  -0.593912E-05  -0.605641E-05   0.472264E+00   0.610102E+04   0.612864E+04   0.610102E+04  -0.145747E-03   0.322618E+04   0.322585E+04   0.219848E-04
   0.622459E+01   0.412282E+04   0.410253E+04  -0.254344E-05  -0.259367E-05   0.202490E+00   0.410106E+04   0.411963E+04   0.410106E+04  -0.979701E-04   0.216861E+04   0.216840E+04   0.116096E-04
   0.779844E+01   0.276432E+04   0.275072E+04  -0.108647E-05  -0.110793E-05   0.865649E-01   0.274973E+04   0.276218E+04   0.274973E+04  -0.656882E-04   0.145404E+04   0.145390E+04   0.605753E-05
