#          k/h    CDM            baryon         photon         nu             mass_nu        total          no_nu          total_de       Weyl           v_CDM          v_b            v_b-v_c     
   0.104976E-04   0.197876E+08   0.197876E+08   0.263697E+08   0.263694E+08   0.197898E+08   0.197876E+08   0.197876E+08   0.197943E+08  -0.473119E+00   0.104471E+08   0.104471E+08   0.517239E+01
   0.115913E-04   0.197876E+08   0.197876E+08   0.263666E+08   0.263663E+08   0.197898E+08   0.197876E+08   0.197876E+08   0.197943E+08  -0.473119E+00   0.104471E+08   0.104471E+08   0.571110E+01
   0.127990E-04   0.197876E+08   0.197876E+08   0.263629E+08   0.263625E+08   0.197898E+08   0.197876E+08   0.197876E+08   0.197943E+08  -0.473119E+00   0.104471E+08   0.104471E+08   0.630588E+01
   0.141326E-04   0.197876E+08   0.197876E+08   0.263584E+08   0.263579E+08   0.197897E+08   0.197876E+08   0.197876E+08   0.197943E+08  -0.473119E+00   0.104471E+08   0.104471E+08   0.696253E+01
   0.156050E-04   0.197876E+08   0.197876E+08   0.263529E+08   0.263522E+08   0.197897E+08   0.197876E+08   0.197876E+08   0.197942E+08  -0.473118E+00   0.104471E+08   0.104471E+08   0.768749E+01
   0.172309E-04   0.197876E+08   0.197876E+08   0.263462E+08   0.263454E+08   0.197897E+08   0.197876E+08   0.197876E+08   0.197942E+08  -0.473118E+00   0.104471E+08   0.104471E+08   0.848781E+01
   0.190262E-04   0.197876E+08   0.197876E+08   0.263380E+08   0.263370E+08   0.197897E+08   0.197876E+08   0.197876E+08   0.197942E+08  -0.473118E+00   0.104471E+08   0.104471E+08   0.937130E+01
   0.210085E-04   0.197875E+08   0.197875E+08   0.263281E+08   0.263269E+08   0.197896E+08   0.197875E+08   0.197875E+08   0.197942E+08  -0.473117E+00   0.104471E+08   0.104471E+08   0.103466E+02
   0.231973E-04   0.197875E+08   0.197875E+08   0.263159E+08   0.263145E+08   0.197896E+08   0.197875E+08   0.197875E+08   0.197942E+08  -0.473116E+00   0.104471E+08   0.104471E+08   0.114230E+02
   0.256142E-04   0.197875E+08   0.197875E+08   0.263011E+08   0.262993E+08   0.197895E+08   0.197875E+08   0.197875E+08   0.197941E+08  -0.473116E+00   0.104471E+08   0.104471E+08   0.126111E+02
   0.282830E-04   0.197875E+08   0.197874E+08   0.262831E+08   0.262809E+08   0.197894E+08   0.197875E+08   0.197875E+08   0.197941E+08  -0.473115E+00   0.104471E+08   0.104471E+08   0.139223E+02
   0.312298E-04   0.197874E+08   0.197874E+08   0.262611E+08   0.262585E+08   0.197893E+08   0.197874E+08   0.197874E+08   0.197940E+08  -0.473113E+00   0.104470E+08   0.104470E+08   0.153691E+02
   0.344836E-04   0.197874E+08   0.197874E+08   0.262343E+08   0.262311E+08   0.197892E+08   0.197874E+08   0.197874E+08   0.197940E+08  -0.473112E+00   0.104470E+08   0.104470E+08   0.169653E+02
   0.380764E-04   0.197873E+08   0.197873E+08   0.262017E+08   0.261978E+08   0.197890E+08   0.197873E+08   0.197873E+08   0.197939E+08  -0.473110E+00   0.104470E+08   0.104470E+08   0.187262E+02
   0.420435E-04   0.197872E+08   0.197872E+08   0.261620E+08   0.261573E+08   0.197888E+08   0.197872E+08   0.197872E+08   0.197938E+08  -0.473108E+00   0.104469E+08   0.104469E+08   0.206681E+02
   0.464240E-04   0.197871E+08   0.197871E+08   0.261137E+08   0.261079E+08   0.197886E+08   0.197871E+08   0.197871E+08   0.197937E+08  -0.473105E+00   0.104469E+08   0.104469E+08   0.228092E+02
   0.512609E-04   0.197870E+08   0.197870E+08   0.260549E+08   0.260479E+08   0.197883E+08   0.197870E+08   0.197870E+08   0.197936E+08  -0.473102E+00   0.104468E+08   0.104468E+08   0.251692E+02
   0.566017E-04   0.197869E+08   0.197869E+08   0.259834E+08   0.259748E+08   0.197880E+08   0.197869E+08   0.197869E+08   0.197935E+08  -0.473098E+00   0.104468E+08   0.104468E+08   0.277694E+02
   0.624990E-04   0.197867E+08   0.197867E+08   0.258964E+08   0.258860E+08   0.197876E+08   0.197867E+08   0.197867E+08   0.197933E+08  -0.473093E+00   0.104467E+08   0.104467E+08   0.306328E+02
   0.690107E-04   0.197865E+08   0.197865E+08   0.257907E+08   0.257781E+08   0.197871E+08   0.197865E+08   0.197865E+08   0.197931E+08  -0.473087E+00   0.104466E+08   0.104466E+08   0.337844E+02
   0.762008E-04   0.197863E+08   0.197863E+08   0.256624E+08   0.256470E+08   0.197865E+08   0.197863E+08   0.197863E+08   0.197928E+08  -0.473080E+00   0.104464E+08   0.104464E+08   0.372504E+02
   0.841401E-04   0.197860E+08   0.197860E+08   0.255068E+08   0.254881E+08   0.197858E+08   0.197860E+08   0.197860E+08   0.197924E+08  -0.473071E+00   0.104463E+08   0.104463E+08   0.410591E+02
   0.929066E-04   0.197857E+08   0.197856E+08   0.253182E+08   0.252956E+08   0.197849E+08   0.197857E+08   0.197857E+08   0.197920E+08  -0.473061E+00   0.104461E+08   0.104461E+08   0.452398E+02
   0.102586E-03   0.197852E+08   0.197852E+08   0.250900E+08   0.250626E+08   0.197838E+08   0.197852E+08   0.197852E+08   0.197915E+08  -0.473048E+00   0.104459E+08   0.104458E+08   0.498229E+02
   0.113275E-03   0.197847E+08   0.197847E+08   0.248143E+08   0.247812E+08   0.197825E+08   0.197847E+08   0.197847E+08   0.197909E+08  -0.473032E+00   0.104456E+08   0.104456E+08   0.548390E+02
   0.125077E-03   0.197841E+08   0.197840E+08   0.244820E+08   0.244421E+08   0.197809E+08   0.197840E+08   0.197841E+08   0.197902E+08  -0.473013E+00   0.104452E+08   0.104452E+08   0.603183E+02
   0.138109E-03   0.197833E+08   0.197832E+08   0.240824E+08   0.240343E+08   0.197789E+08   0.197833E+08   0.197833E+08   0.197893E+08  -0.472990E+00   0.104448E+08   0.104448E+08   0.662891E+02
   0.152498E-03   0.197823E+08   0.197822E+08   0.236033E+08   0.235456E+08   0.197765E+08   0.197823E+08   0.197823E+08   0.197882E+08  -0.472961E+00   0.104443E+08   0.104443E+08   0.727764E+02
   0.168387E-03   0.197812E+08   0.197811E+08   0.230311E+08   0.229621E+08   0.197736E+08   0.197811E+08   0.197812E+08   0.197869E+08  -0.472927E+00   0.104437E+08   0.104436E+08   0.797992E+02
   0.185931E-03   0.197798E+08   0.197796E+08   0.223509E+08   0.222687E+08   0.197700E+08   0.197797E+08   0.197798E+08   0.197854E+08  -0.472886E+00   0.104429E+08   0.104429E+08   0.873679E+02
   0.205303E-03   0.197781E+08   0.197779E+08   0.215467E+08   0.214493E+08   0.197657E+08   0.197780E+08   0.197781E+08   0.197834E+08  -0.472835E+00   0.104420E+08   0.104419E+08   0.954797E+02
   0.226693E-03   0.197760E+08   0.197758E+08   0.206025E+08   0.204878E+08   0.197604E+08   0.197759E+08   0.197760E+08   0.197811E+08  -0.472775E+00   0.104409E+08   0.104408E+08   0.104114E+03
   0.250312E-03   0.197735E+08   0.197733E+08   0.195034E+08   0.193695E+08   0.197540E+08   0.197734E+08   0.197735E+08   0.197783E+08  -0.472701E+00   0.104395E+08   0.104395E+08   0.113227E+03
   0.276392E-03   0.197705E+08   0.197702E+08   0.182374E+08   0.180824E+08   0.197463E+08   0.197703E+08   0.197704E+08   0.197749E+08  -0.472613E+00   0.104379E+08   0.104378E+08   0.122741E+03
   0.305189E-03   0.197668E+08   0.197664E+08   0.167980E+08   0.166208E+08   0.197368E+08   0.197666E+08   0.197667E+08   0.197708E+08  -0.472507E+00   0.104359E+08   0.104358E+08   0.132541E+03
   0.336986E-03   0.197624E+08   0.197619E+08   0.151876E+08   0.149879E+08   0.197254E+08   0.197621E+08   0.197623E+08   0.197659E+08  -0.472381E+00   0.104335E+08   0.104334E+08   0.142463E+03
   0.372096E-03   0.197570E+08   0.197565E+08   0.134220E+08   0.132011E+08   0.197115E+08   0.197567E+08   0.197569E+08   0.197601E+08  -0.472230E+00   0.104306E+08   0.104305E+08   0.152283E+03
   0.410865E-03   0.197506E+08   0.197500E+08   0.115346E+08   0.112958E+08   0.196947E+08   0.197502E+08   0.197505E+08   0.197531E+08  -0.472050E+00   0.104272E+08   0.104270E+08   0.161719E+03
   0.453672E-03   0.197428E+08   0.197421E+08   0.958055E+07   0.932970E+07   0.196745E+08   0.197424E+08   0.197427E+08   0.197448E+08  -0.471837E+00   0.104230E+08   0.104228E+08   0.170419E+03
   0.500940E-03   0.197336E+08   0.197328E+08   0.763849E+07   0.738444E+07   0.196500E+08   0.197331E+08   0.197335E+08   0.197350E+08  -0.471586E+00   0.104180E+08   0.104177E+08   0.177979E+03
   0.553133E-03   0.197226E+08   0.197216E+08   0.580756E+07   0.556208E+07   0.196205E+08   0.197220E+08   0.197224E+08   0.197234E+08  -0.471292E+00   0.104120E+08   0.104117E+08   0.183954E+03
   0.610763E-03   0.197095E+08   0.197083E+08   0.419689E+07   0.397388E+07   0.195851E+08   0.197087E+08   0.197093E+08   0.197098E+08  -0.470948E+00   0.104050E+08   0.104046E+08   0.187898E+03
   0.674398E-03   0.196939E+08   0.196926E+08   0.290534E+07   0.271892E+07   0.195427E+08   0.196930E+08   0.196937E+08   0.196938E+08  -0.470548E+00   0.103966E+08   0.103962E+08   0.189411E+03
   0.744663E-03   0.196756E+08   0.196741E+08   0.199251E+07   0.185397E+07   0.194920E+08   0.196745E+08   0.196754E+08   0.196750E+08  -0.470084E+00   0.103867E+08   0.103863E+08   0.188210E+03
   0.822248E-03   0.196540E+08   0.196524E+08   0.144860E+07   0.136278E+07   0.194315E+08   0.196528E+08   0.196538E+08   0.196532E+08  -0.469547E+00   0.103751E+08   0.103747E+08   0.184182E+03
   0.907918E-03   0.196288E+08   0.196270E+08   0.117987E+07   0.114220E+07   0.193597E+08   0.196273E+08   0.196285E+08   0.196276E+08  -0.468925E+00   0.103616E+08   0.103611E+08   0.177431E+03
   0.100251E-02   0.195994E+08   0.195975E+08   0.103099E+07   0.102740E+07   0.192746E+08   0.195976E+08   0.195991E+08   0.195979E+08  -0.468207E+00   0.103458E+08   0.103453E+08   0.168275E+03
   0.110696E-02   0.195652E+08   0.195631E+08   0.855055E+06   0.866190E+06   0.191744E+08   0.195631E+08   0.195648E+08   0.195633E+08  -0.467375E+00   0.103275E+08   0.103269E+08   0.157187E+03
   0.122230E-02   0.195255E+08   0.195234E+08   0.603273E+06   0.612270E+06   0.190566E+08   0.195230E+08   0.195252E+08   0.195232E+08  -0.466413E+00   0.103063E+08   0.103057E+08   0.144719E+03
   0.134965E-02   0.194796E+08   0.194774E+08   0.357311E+06   0.356395E+06   0.189194E+08   0.194767E+08   0.194793E+08   0.194768E+08  -0.465301E+00   0.102818E+08   0.102813E+08   0.131446E+03
   0.149027E-02   0.194267E+08   0.194245E+08   0.233380E+06   0.223958E+06   0.187609E+08   0.194234E+08   0.194264E+08   0.194234E+08  -0.464021E+00   0.102536E+08   0.102531E+08   0.117982E+03
   0.164554E-02   0.193659E+08   0.193636E+08   0.221742E+06  -0.172421E+06   0.185791E+08   0.193620E+08   0.193655E+08   0.193620E+08  -0.462551E+00   0.102212E+08   0.102207E+08   0.105018E+03
   0.181698E-02   0.192961E+08   0.192939E+08   0.186261E+06  -0.140901E+06   0.183723E+08   0.192916E+08   0.192958E+08   0.192916E+08  -0.460868E+00   0.101841E+08   0.101836E+08   0.932289E+02
   0.200629E-02   0.192164E+08   0.192141E+08   0.901939E+05  -0.115083E+06   0.181391E+08   0.192112E+08   0.192161E+08   0.192112E+08  -0.458945E+00   0.101417E+08   0.101412E+08   0.830552E+02
   0.221533E-02   0.191256E+08   0.191233E+08   0.524564E+05  -0.939421E+05   0.178787E+08   0.191196E+08   0.191252E+08   0.191196E+08  -0.456755E+00   0.100934E+08   0.100929E+08   0.745588E+02
   0.244614E-02   0.190225E+08   0.190200E+08   0.595972E+05  -0.766350E+05   0.175907E+08   0.190157E+08   0.190221E+08   0.190157E+08  -0.454271E+00   0.100386E+08   0.100381E+08   0.675063E+02
   0.270100E-02   0.189059E+08   0.189033E+08   0.241605E+05  -0.624707E+05   0.172749E+08   0.188981E+08   0.189055E+08   0.188981E+08  -0.451462E+00   0.997661E+07   0.997611E+07   0.614503E+02
   0.298242E-02   0.187745E+08   0.187717E+08   0.245778E+05  -0.508833E+05   0.169312E+08   0.187657E+08   0.187740E+08   0.187657E+08  -0.448298E+00   0.990682E+07   0.990632E+07   0.558542E+02
   0.329315E-02   0.186270E+08   0.186240E+08   0.104421E+05  -0.414081E+05   0.165592E+08   0.186172E+08   0.186265E+08   0.186172E+08  -0.444749E+00   0.982852E+07   0.982803E+07   0.504421E+02
   0.363626E-02   0.184621E+08   0.184589E+08   0.449206E+04  -0.336641E+05   0.161582E+08   0.184512E+08   0.184616E+08   0.184512E+08  -0.440783E+00   0.974104E+07   0.974055E+07   0.452976E+02
   0.401512E-02   0.182785E+08   0.182750E+08  -0.303425E+04  -0.273387E+05   0.157269E+08   0.182665E+08   0.182780E+08   0.182665E+08  -0.436369E+00   0.964367E+07   0.964318E+07   0.407144E+02
   0.443345E-02   0.180749E+08   0.180710E+08   0.224326E+03  -0.221755E+05   0.152639E+08   0.180616E+08   0.180743E+08   0.180616E+08  -0.431476E+00   0.953572E+07   0.953523E+07   0.367994E+02
   0.489537E-02   0.178499E+08   0.178457E+08  -0.205345E+04  -0.179640E+05   0.147701E+08   0.178354E+08   0.178493E+08   0.178354E+08  -0.426071E+00   0.941649E+07   0.941600E+07   0.333140E+02
   0.540541E-02   0.176023E+08   0.175975E+08  -0.267748E+04  -0.145316E+05   0.142452E+08   0.175864E+08   0.176016E+08   0.175864E+08  -0.420123E+00   0.928528E+07   0.928479E+07   0.300364E+02
   0.596860E-02   0.173307E+08   0.173253E+08  -0.189798E+04  -0.117366E+05   0.136887E+08   0.173134E+08   0.173298E+08   0.173134E+08  -0.413601E+00   0.914138E+07   0.914090E+07   0.270801E+02
   0.659046E-02   0.170341E+08   0.170280E+08  -0.238584E+04  -0.946334E+04   0.130695E+08   0.170153E+08   0.170331E+08   0.170153E+08  -0.406478E+00   0.898424E+07   0.898376E+07   0.245196E+02
   0.727712E-02   0.167103E+08   0.167033E+08  -0.207761E+04  -0.761574E+04   0.124363E+08   0.166899E+08   0.167092E+08   0.166899E+08  -0.398706E+00   0.881275E+07   0.881226E+07   0.221846E+02
   0.803531E-02   0.163581E+08   0.163500E+08  -0.203263E+04  -0.611603E+04   0.117764E+08   0.163361E+08   0.163568E+08   0.163361E+08  -0.390254E+00   0.862625E+07   0.862576E+07   0.200957E+02
   0.887251E-02   0.159765E+08   0.159672E+08  -0.238872E+04  -0.490046E+04   0.110989E+08   0.159531E+08   0.159751E+08   0.159531E+08  -0.381104E+00   0.842430E+07   0.842382E+07   0.182527E+02
   0.979693E-02   0.155644E+08   0.155536E+08  -0.122266E+04  -0.391662E+04   0.104047E+08   0.155395E+08   0.155627E+08   0.155395E+08  -0.371222E+00   0.820621E+07   0.820572E+07   0.165942E+02
   0.108177E-01   0.151202E+08   0.151078E+08  -0.160693E+04  -0.312155E+04   0.969333E+07   0.150938E+08   0.151183E+08   0.150938E+08  -0.360576E+00   0.797122E+07   0.797073E+07   0.151449E+02
   0.119447E-01   0.146428E+08   0.146283E+08  -0.134966E+04  -0.248014E+04   0.897047E+07   0.146150E+08   0.146405E+08   0.146150E+08  -0.349137E+00   0.771868E+07   0.771819E+07   0.138424E+02
   0.131893E-01   0.141310E+08   0.141142E+08  -0.969146E+03  -0.196368E+04   0.824386E+07   0.141019E+08   0.141284E+08   0.141019E+08  -0.336880E+00   0.744806E+07   0.744756E+07   0.126993E+02
   0.145634E-01   0.135840E+08   0.135646E+08  -0.960159E+03  -0.154873E+04   0.752011E+07   0.135536E+08   0.135810E+08   0.135536E+08  -0.323783E+00   0.715887E+07   0.715836E+07   0.116823E+02
   0.160808E-01   0.130012E+08   0.129788E+08  -0.875795E+03  -0.121615E+04   0.680172E+07   0.129698E+08   0.129977E+08   0.129698E+08  -0.309834E+00   0.685083E+07   0.685031E+07   0.107778E+02
   0.177562E-01   0.123827E+08   0.123569E+08  -0.533677E+03  -0.950337E+03   0.609810E+07   0.123503E+08   0.123786E+08   0.123503E+08  -0.295037E+00   0.652400E+07   0.652347E+07   0.996151E+01
   0.196062E-01   0.117295E+08   0.117002E+08  -0.508504E+03  -0.738590E+03   0.541484E+07   0.116965E+08   0.117249E+08   0.116965E+08  -0.279416E+00   0.617894E+07   0.617840E+07   0.921681E+01
   0.216490E-01   0.110442E+08   0.110111E+08  -0.356358E+03  -0.570581E+03   0.475900E+07   0.110107E+08   0.110390E+08   0.110107E+08  -0.263034E+00   0.581699E+07   0.581644E+07   0.852258E+01
   0.239046E-01   0.103312E+08   0.102944E+08  -0.296540E+03  -0.437919E+03   0.413740E+07   0.102975E+08   0.103254E+08   0.102975E+08  -0.245997E+00   0.544054E+07   0.543998E+07   0.785440E+01
   0.263952E-01   0.959773E+07   0.955740E+07  -0.234032E+03  -0.333786E+03   0.355692E+07   0.956419E+07   0.959139E+07   0.956419E+07  -0.228479E+00   0.505340E+07   0.505283E+07   0.719342E+01
   0.291453E-01   0.885428E+07   0.881099E+07  -0.148368E+03  -0.252642E+03   0.302324E+07   0.882123E+07   0.884748E+07   0.882123E+07  -0.210730E+00   0.466112E+07   0.466054E+07   0.651866E+01
   0.321819E-01   0.811496E+07   0.806963E+07  -0.159838E+03  -0.189971E+03   0.254162E+07   0.808275E+07   0.810784E+07   0.808275E+07  -0.193088E+00   0.427115E+07   0.427059E+07   0.581439E+01
   0.355349E-01   0.739722E+07   0.735124E+07  -0.950268E+02  -0.142076E+03   0.211588E+07   0.736622E+07   0.739000E+07   0.736622E+07  -0.175971E+00   0.389273E+07   0.389219E+07   0.507205E+01
   0.392372E-01   0.672060E+07   0.667575E+07  -0.698404E+02  -0.105905E+03   0.174794E+07   0.669117E+07   0.671355E+07   0.669117E+07  -0.159845E+00   0.353619E+07   0.353568E+07   0.429406E+01
   0.433253E-01   0.610390E+07   0.606224E+07  -0.774831E+02  -0.789190E+02   0.143728E+07   0.607635E+07   0.609735E+07   0.607635E+07  -0.145158E+00   0.321142E+07   0.321097E+07   0.349766E+01
   0.476579E-01   0.557859E+07   0.554188E+07  -0.584721E+02  -0.596317E+02   0.118900E+07   0.555306E+07   0.557282E+07   0.555306E+07  -0.132657E+00   0.293499E+07   0.293460E+07   0.274625E+01
   0.519904E-01   0.516473E+07   0.513380E+07  -0.455054E+02  -0.464076E+02   0.100167E+07   0.514113E+07   0.515987E+07   0.514113E+07  -0.122816E+00   0.271738E+07   0.271705E+07   0.211082E+01
   0.563229E-01   0.482820E+07   0.480303E+07  -0.362610E+02  -0.369797E+02   0.856129E+06   0.480636E+07   0.482425E+07   0.480636E+07  -0.114819E+00   0.254052E+07   0.254025E+07   0.160278E+01
   0.606555E-01   0.454294E+07   0.452282E+07  -0.294288E+02  -0.300119E+02   0.739634E+06   0.452265E+07   0.453978E+07   0.452265E+07  -0.108041E+00   0.239063E+07   0.239041E+07   0.122322E+01
   0.649880E-01   0.428936E+07   0.427309E+07  -0.242121E+02  -0.246918E+02   0.643672E+06   0.427039E+07   0.428681E+07   0.427039E+07  -0.102015E+00   0.225734E+07   0.225716E+07   0.962484E+00
   0.693205E-01   0.405122E+07   0.403738E+07  -0.201036E+02  -0.205018E+02   0.562293E+06   0.403333E+07   0.404904E+07   0.403333E+07  -0.963520E-01   0.213209E+07   0.213192E+07   0.801988E+00
   0.736531E-01   0.381649E+07   0.380368E+07  -0.167793E+02  -0.171116E+02   0.491502E+06   0.379950E+07   0.381448E+07   0.379950E+07  -0.907660E-01   0.200852E+07   0.200837E+07   0.717599E+00
   0.779856E-01   0.358147E+07   0.356857E+07  -0.140469E+02  -0.143250E+02   0.429218E+06   0.356525E+07   0.357945E+07   0.356525E+07  -0.851701E-01   0.188473E+07   0.188457E+07   0.683729E+00
   0.823181E-01   0.334922E+07   0.333548E+07  -0.117905E+02  -0.120239E+02   0.374529E+06   0.333366E+07   0.334706E+07   0.333366E+07  -0.796377E-01   0.176234E+07   0.176218E+07   0.676500E+00
   0.866507E-01   0.312609E+07   0.311120E+07  -0.993248E+01  -0.101291E+02   0.327008E+06   0.311115E+07   0.312375E+07   0.311115E+07  -0.743221E-01   0.164474E+07   0.164456E+07   0.676151E+00
   0.909832E-01   0.291828E+07   0.290234E+07  -0.841037E+01  -0.857681E+01   0.286231E+06   0.290393E+07   0.291578E+07   0.290393E+07  -0.693717E-01   0.153522E+07   0.153503E+07   0.668505E+00
   0.963719E-01   0.268840E+07   0.267178E+07  -0.690586E+01  -0.704250E+01   0.244130E+06   0.267478E+07   0.268579E+07   0.267478E+07  -0.638977E-01   0.141410E+07   0.141392E+07   0.637248E+00
   0.101761E+00   0.249602E+07   0.247969E+07  -0.575099E+01  -0.586476E+01   0.210516E+06   0.248316E+07   0.249345E+07   0.248316E+07  -0.593202E-01   0.131282E+07   0.131264E+07   0.579475E+00
   0.107149E+00   0.234265E+07   0.232756E+07  -0.486892E+01  -0.496523E+01   0.184045E+06   0.233056E+07   0.234028E+07   0.233056E+07  -0.556746E-01   0.123215E+07   0.123199E+07   0.502127E+00
   0.112538E+00   0.222294E+07   0.220977E+07  -0.418893E+01  -0.427178E+01   0.163116E+06   0.221160E+07   0.222087E+07   0.221160E+07  -0.528328E-01   0.116927E+07   0.116913E+07   0.417398E+00
   0.117927E+00   0.212621E+07   0.211518E+07  -0.364950E+01  -0.372168E+01   0.146083E+06   0.211556E+07   0.212448E+07   0.211556E+07  -0.505385E-01   0.111851E+07   0.111839E+07   0.338004E+00
   0.123316E+00   0.204062E+07   0.203152E+07  -0.320372E+01  -0.326708E+01   0.131571E+06   0.203059E+07   0.203919E+07   0.203059E+07  -0.485087E-01   0.107359E+07   0.107349E+07   0.273676E+00
   0.128704E+00   0.195673E+07   0.194903E+07  -0.282055E+01  -0.287633E+01   0.118641E+06   0.194724E+07   0.195552E+07   0.194724E+07  -0.465175E-01   0.102953E+07   0.102944E+07   0.229283E+00
   0.134093E+00   0.186912E+07   0.186215E+07  -0.248231E+01  -0.253139E+01   0.106777E+06   0.186009E+07   0.186803E+07   0.186009E+07  -0.444356E-01   0.983460E+06   0.983378E+06   0.204595E+00
   0.139482E+00   0.177661E+07   0.176973E+07  -0.218075E+01  -0.222387E+01   0.957956E+05   0.176796E+07   0.177553E+07   0.176796E+07  -0.422347E-01   0.934758E+06   0.934676E+06   0.195361E+00
   0.144871E+00   0.168119E+07   0.167396E+07  -0.191296E+01  -0.195079E+01   0.857063E+05   0.167287E+07   0.168006E+07   0.167287E+07  -0.399631E-01   0.884489E+06   0.884404E+06   0.195141E+00
   0.150259E+00   0.158666E+07   0.157890E+07  -0.167819E+01  -0.171137E+01   0.765971E+05   0.157864E+07   0.158545E+07   0.157864E+07  -0.377122E-01   0.834676E+06   0.834587E+06   0.197288E+00
   0.155648E+00   0.149769E+07   0.148949E+07  -0.147625E+01  -0.150543E+01   0.685719E+05   0.148997E+07   0.149640E+07   0.148997E+07  -0.355937E-01   0.787795E+06   0.787703E+06   0.196578E+00
   0.161037E+00   0.141875E+07   0.141038E+07  -0.130640E+01  -0.133222E+01   0.616963E+05   0.141132E+07   0.141743E+07   0.141132E+07  -0.337150E-01   0.746218E+06   0.746127E+06   0.190122E+00
   0.166425E+00   0.135241E+07   0.134424E+07  -0.116600E+01  -0.118904E+01   0.559371E+05   0.134529E+07   0.135112E+07   0.134529E+07  -0.321375E-01   0.711307E+06   0.711218E+06   0.177487E+00
   0.171814E+00   0.129823E+07   0.129059E+07  -0.105024E+01  -0.107100E+01   0.511401E+05   0.129142E+07   0.129703E+07   0.129142E+07  -0.308506E-01   0.682826E+06   0.682744E+06   0.160192E+00
   0.177203E+00   0.125348E+07   0.124658E+07  -0.953377E+00  -0.972221E+00   0.470854E+05   0.124696E+07   0.125239E+07   0.124696E+07  -0.297886E-01   0.659323E+06   0.659248E+06   0.140872E+00
   0.182592E+00   0.121471E+07   0.120861E+07  -0.870245E+00  -0.887445E+00   0.435624E+05   0.120848E+07   0.121375E+07   0.120848E+07  -0.288692E-01   0.638976E+06   0.638909E+06   0.122373E+00
   0.187980E+00   0.117860E+07   0.117321E+07  -0.796730E+00  -0.812476E+00   0.403970E+05   0.117263E+07   0.117775E+07   0.117263E+07  -0.280128E-01   0.620022E+06   0.619962E+06   0.106969E+00
   0.193369E+00   0.114222E+07   0.113734E+07  -0.729754E+00  -0.744176E+00   0.374559E+05   0.113648E+07   0.114146E+07   0.113648E+07  -0.271493E-01   0.600912E+06   0.600856E+06   0.958828E-01
   0.198758E+00   0.110368E+07   0.109906E+07  -0.667437E+00  -0.680628E+00   0.346591E+05   0.109814E+07   0.110295E+07   0.109814E+07  -0.262333E-01   0.580639E+06   0.580586E+06   0.891843E-01
   0.204147E+00   0.106269E+07   0.105813E+07  -0.609181E+00  -0.621220E+00   0.319880E+05   0.105733E+07   0.106198E+07   0.105733E+07  -0.252586E-01   0.559068E+06   0.559015E+06   0.860028E-01
   0.209535E+00   0.102043E+07   0.101578E+07  -0.555249E+00  -0.566222E+00   0.294680E+05   0.101524E+07   0.101970E+07   0.101524E+07  -0.242530E-01   0.536811E+06   0.536758E+06   0.849222E-01
   0.214924E+00   0.978666E+06   0.973854E+06  -0.506141E+00  -0.516143E+00   0.271367E+05   0.973625E+06   0.977910E+06   0.973625E+06  -0.232589E-01   0.514810E+06   0.514755E+06   0.844223E-01
   0.220313E+00   0.939144E+06   0.934212E+06  -0.462222E+00  -0.471355E+00   0.250250E+05   0.934252E+06   0.938369E+06   0.934252E+06  -0.223183E-01   0.493993E+06   0.493938E+06   0.832579E-01
   0.225702E+00   0.903273E+06   0.898322E+06  -0.423587E+00  -0.431957E+00   0.231490E+05   0.898532E+06   0.902495E+06   0.898532E+06  -0.214650E-01   0.475107E+06   0.475052E+06   0.806985E-01
   0.231090E+00   0.871808E+06   0.866962E+06  -0.389991E+00  -0.397696E+00   0.215054E+05   0.867218E+06   0.871047E+06   0.867218E+06  -0.207169E-01   0.458551E+06   0.458497E+06   0.765932E-01
   0.236479E+00   0.844671E+06   0.840047E+06  -0.360837E+00  -0.367967E+00   0.200704E+05   0.840231E+06   0.843945E+06   0.840231E+06  -0.200722E-01   0.444282E+06   0.444232E+06   0.712811E-01
   0.241868E+00   0.821094E+06   0.816769E+06  -0.335324E+00  -0.341950E+00   0.188069E+05   0.816802E+06   0.820415E+06   0.816802E+06  -0.195125E-01   0.431894E+06   0.431847E+06   0.654020E-01
   0.247256E+00   0.799918E+06   0.795913E+06  -0.312607E+00  -0.318784E+00   0.176735E+05   0.795766E+06   0.799288E+06   0.795766E+06  -0.190100E-01   0.420772E+06   0.420727E+06   0.596731E-01
   0.252645E+00   0.779847E+06   0.776134E+06  -0.291915E+00  -0.297683E+00   0.166312E+05   0.775826E+06   0.779264E+06   0.775826E+06  -0.185337E-01   0.410229E+06   0.410188E+06   0.546903E-01
   0.258034E+00   0.759749E+06   0.756259E+06  -0.272648E+00  -0.278035E+00   0.156489E+05   0.755850E+06   0.759201E+06   0.755850E+06  -0.180565E-01   0.399667E+06   0.399627E+06   0.508024E-01
   0.263423E+00   0.738979E+06   0.735627E+06  -0.254461E+00  -0.259488E+00   0.147097E+05   0.735190E+06   0.738452E+06   0.735190E+06  -0.175629E-01   0.388743E+06   0.388705E+06   0.480727E-01
   0.268811E+00   0.717507E+06   0.714216E+06  -0.237262E+00  -0.241950E+00   0.138102E+05   0.713821E+06   0.716990E+06   0.713821E+06  -0.170524E-01   0.377444E+06   0.377407E+06   0.463175E-01
   0.274200E+00   0.695735E+06   0.692449E+06  -0.221108E+00  -0.225476E+00   0.129557E+05   0.692144E+06   0.695219E+06   0.692144E+06  -0.165346E-01   0.365983E+06   0.365946E+06   0.451935E-01
   0.279589E+00   0.674218E+06   0.670913E+06  -0.206087E+00  -0.210159E+00   0.121532E+05   0.670717E+06   0.673698E+06   0.670717E+06  -0.160227E-01   0.354654E+06   0.354617E+06   0.443070E-01
   0.284978E+00   0.653532E+06   0.650215E+06  -0.192279E+00  -0.196078E+00   0.114093E+05   0.650119E+06   0.653011E+06   0.650119E+06  -0.155307E-01   0.343763E+06   0.343726E+06   0.433176E-01
   0.290366E+00   0.634211E+06   0.630913E+06  -0.179732E+00  -0.183282E+00   0.107289E+05   0.630885E+06   0.633692E+06   0.630885E+06  -0.150712E-01   0.333593E+06   0.333557E+06   0.420090E-01
   0.295755E+00   0.616605E+06   0.613369E+06  -0.168433E+00  -0.171761E+00   0.101128E+05   0.613366E+06   0.616097E+06   0.613366E+06  -0.146527E-01   0.324330E+06   0.324294E+06   0.403146E-01
   0.301144E+00   0.600744E+06   0.597609E+06  -0.158282E+00  -0.161409E+00   0.955681E+04   0.597589E+06   0.600252E+06   0.597589E+06  -0.142758E-01   0.315988E+06   0.315954E+06   0.383002E-01
   0.306533E+00   0.586343E+06   0.583338E+06  -0.149107E+00  -0.152053E+00   0.905183E+04   0.583271E+06   0.585871E+06   0.583271E+06  -0.139337E-01   0.308418E+06   0.308384E+06   0.361201E-01
   0.311921E+00   0.572966E+06   0.570101E+06  -0.140718E+00  -0.143498E+00   0.858761E+04   0.569974E+06   0.572516E+06   0.569974E+06  -0.136161E-01   0.301387E+06   0.301355E+06   0.339619E-01
   0.317310E+00   0.560181E+06   0.557449E+06  -0.132948E+00  -0.135575E+00   0.815490E+04   0.557266E+06   0.559752E+06   0.557266E+06  -0.133125E-01   0.294667E+06   0.294637E+06   0.319936E-01
   0.322699E+00   0.547633E+06   0.545011E+06  -0.125668E+00  -0.128151E+00   0.774650E+04   0.544790E+06   0.547221E+06   0.544790E+06  -0.130144E-01   0.288070E+06   0.288041E+06   0.303257E-01
   0.328087E+00   0.535072E+06   0.532531E+06  -0.118787E+00  -0.121134E+00   0.735749E+04   0.532296E+06   0.534673E+06   0.532296E+06  -0.127160E-01   0.281464E+06   0.281436E+06   0.289928E-01
   0.333476E+00   0.522398E+06   0.519910E+06  -0.112256E+00  -0.114474E+00   0.698533E+04   0.519686E+06   0.522007E+06   0.519686E+06  -0.124147E-01   0.274796E+06   0.274768E+06   0.279591E-01
   0.338865E+00   0.509682E+06   0.507225E+06  -0.106068E+00  -0.108163E+00   0.663007E+04   0.507030E+06   0.509296E+06   0.507030E+06  -0.121124E-01   0.268105E+06   0.268077E+06   0.271399E-01
   0.344254E+00   0.497129E+06   0.494693E+06  -0.100242E+00  -0.102222E+00   0.629336E+04   0.494536E+06   0.496746E+06   0.494536E+06  -0.118139E-01   0.261498E+06   0.261471E+06   0.264303E-01
   0.349642E+00   0.484980E+06   0.482563E+06  -0.948007E-01  -0.966734E-01   0.597709E+04   0.482443E+06   0.484600E+06   0.482443E+06  -0.115251E-01   0.255104E+06   0.255077E+06   0.257332E-01
   0.355031E+00   0.473419E+06   0.471029E+06  -0.897527E-01  -0.915257E-01   0.568224E+04   0.470937E+06   0.473043E+06   0.470937E+06  -0.112502E-01   0.249020E+06   0.248994E+06   0.249791E-01
   0.360420E+00   0.462539E+06   0.460189E+06  -0.850877E-01  -0.867685E-01   0.540856E+04   0.460111E+06   0.462170E+06   0.460111E+06  -0.109916E-01   0.243296E+06   0.243270E+06   0.241372E-01
   0.365809E+00   0.452355E+06   0.450059E+06  -0.807811E-01  -0.823769E-01   0.515490E+04   0.449980E+06   0.451994E+06   0.449980E+06  -0.107495E-01   0.237939E+06   0.237914E+06   0.232146E-01
   0.371197E+00   0.442814E+06   0.440583E+06  -0.767989E-01  -0.783160E-01   0.491943E+04   0.440492E+06   0.442464E+06   0.440492E+06  -0.105229E-01   0.232922E+06   0.232897E+06   0.222472E-01
   0.376586E+00   0.433805E+06   0.431642E+06  -0.730995E-01  -0.745435E-01   0.469979E+04   0.431532E+06   0.433465E+06   0.431532E+06  -0.103089E-01   0.228185E+06   0.228161E+06   0.212844E-01
   0.381975E+00   0.425169E+06   0.423073E+06  -0.696380E-01  -0.710136E-01   0.449338E+04   0.422945E+06   0.424840E+06   0.422945E+06  -0.101037E-01   0.223644E+06   0.223621E+06   0.203743E-01
   0.387363E+00   0.416753E+06   0.414718E+06  -0.663743E-01  -0.676855E-01   0.429781E+04   0.414576E+06   0.416433E+06   0.414576E+06  -0.990377E-02   0.219219E+06   0.219196E+06   0.195517E-01
   0.392752E+00   0.408449E+06   0.406464E+06  -0.632795E-01  -0.645295E-01   0.411141E+04   0.406316E+06   0.408137E+06   0.406316E+06  -0.970646E-02   0.214851E+06   0.214829E+06   0.188322E-01
   0.398141E+00   0.400217E+06   0.398273E+06  -0.603375E-01  -0.615293E-01   0.393330E+04   0.398127E+06   0.399912E+06   0.398127E+06  -0.951084E-02   0.210521E+06   0.210500E+06   0.182119E-01
   0.403530E+00   0.392076E+06   0.390164E+06  -0.575420E-01  -0.586786E-01   0.376322E+04   0.390026E+06   0.391775E+06   0.390026E+06  -0.931732E-02   0.206238E+06   0.206217E+06   0.176712E-01
   0.408918E+00   0.384073E+06   0.382187E+06  -0.548916E-01  -0.559759E-01   0.360122E+04   0.382063E+06   0.383777E+06   0.382063E+06  -0.912708E-02   0.202027E+06   0.202006E+06   0.171820E-01
   0.414307E+00   0.376268E+06   0.374407E+06  -0.523864E-01  -0.534212E-01   0.344744E+04   0.374297E+06   0.375976E+06   0.374297E+06  -0.894156E-02   0.197921E+06   0.197900E+06   0.167156E-01
   0.419696E+00   0.368722E+06   0.366886E+06  -0.500259E-01  -0.510141E-01   0.330199E+04   0.366788E+06   0.368433E+06   0.366788E+06  -0.876217E-02   0.193950E+06   0.193930E+06   0.162491E-01
   0.425085E+00   0.361481E+06   0.359675E+06  -0.478081E-01  -0.487524E-01   0.316484E+04   0.359584E+06   0.361197E+06   0.359584E+06  -0.859007E-02   0.190141E+06   0.190121E+06   0.157699E-01
   0.430473E+00   0.354571E+06   0.352798E+06  -0.457276E-01  -0.466309E-01   0.303577E+04   0.352709E+06   0.354292E+06   0.352709E+06  -0.842585E-02   0.186506E+06   0.186486E+06   0.152760E-01
   0.435862E+00   0.347977E+06   0.346240E+06  -0.437746E-01  -0.446393E-01   0.291422E+04   0.346150E+06   0.347704E+06   0.346150E+06  -0.826916E-02   0.183038E+06   0.183018E+06   0.147741E-01
   0.441251E+00   0.341651E+06   0.339954E+06  -0.419358E-01  -0.427642E-01   0.279940E+04   0.339859E+06   0.341385E+06   0.339859E+06  -0.811887E-02   0.179711E+06   0.179692E+06   0.142762E-01
   0.446640E+00   0.335541E+06   0.333882E+06  -0.401983E-01  -0.409923E-01   0.269055E+04   0.333782E+06   0.335281E+06   0.333782E+06  -0.797369E-02   0.176498E+06   0.176479E+06   0.137956E-01
   0.452028E+00   0.329603E+06   0.327980E+06  -0.385513E-01  -0.393128E-01   0.258701E+04   0.327876E+06   0.329348E+06   0.327876E+06  -0.783260E-02   0.173375E+06   0.173357E+06   0.133435E-01
   0.457417E+00   0.323803E+06   0.322213E+06  -0.369859E-01  -0.377165E-01   0.248827E+04   0.322106E+06   0.323553E+06   0.322106E+06  -0.769477E-02   0.170324E+06   0.170306E+06   0.129262E-01
   0.462806E+00   0.318109E+06   0.316549E+06  -0.354945E-01  -0.361956E-01   0.239384E+04   0.316442E+06   0.317864E+06   0.316442E+06  -0.755946E-02   0.167329E+06   0.167312E+06   0.125445E-01
   0.468195E+00   0.312506E+06   0.310972E+06  -0.340714E-01  -0.347444E-01   0.230343E+04   0.310868E+06   0.312265E+06   0.310868E+06  -0.742631E-02   0.164382E+06   0.164365E+06   0.121942E-01
   0.473583E+00   0.307004E+06   0.305493E+06  -0.327142E-01  -0.333604E-01   0.221691E+04   0.305394E+06   0.306767E+06   0.305394E+06  -0.729554E-02   0.161487E+06   0.161470E+06   0.118679E-01
   0.478972E+00   0.301628E+06   0.300139E+06  -0.314222E-01  -0.320428E-01   0.213428E+04   0.300045E+06   0.301394E+06   0.300045E+06  -0.716777E-02   0.158659E+06   0.158642E+06   0.115577E-01
   0.484361E+00   0.296401E+06   0.294934E+06  -0.301944E-01  -0.307908E-01   0.205553E+04   0.294844E+06   0.296170E+06   0.294844E+06  -0.704353E-02   0.155909E+06   0.155893E+06   0.112562E-01
   0.489749E+00   0.291332E+06   0.289888E+06  -0.290287E-01  -0.296020E-01   0.198054E+04   0.289802E+06   0.291105E+06   0.289802E+06  -0.692307E-02   0.153243E+06   0.153227E+06   0.109582E-01
   0.495138E+00   0.286425E+06   0.285004E+06  -0.279220E-01  -0.284735E-01   0.190916E+04   0.284921E+06   0.286202E+06   0.284921E+06  -0.680646E-02   0.150661E+06   0.150646E+06   0.106616E-01
   0.500527E+00   0.281679E+06   0.280282E+06  -0.268713E-01  -0.274020E-01   0.184121E+04   0.280199E+06   0.281460E+06   0.280199E+06  -0.669367E-02   0.148165E+06   0.148149E+06   0.103669E-01
   0.505916E+00   0.277088E+06   0.275715E+06  -0.258733E-01  -0.263843E-01   0.177650E+04   0.275632E+06   0.276872E+06   0.275632E+06  -0.658457E-02   0.145750E+06   0.145735E+06   0.100768E-01
   0.511304E+00   0.272637E+06   0.271289E+06  -0.249240E-01  -0.254163E-01   0.171480E+04   0.271205E+06   0.272425E+06   0.271205E+06  -0.647881E-02   0.143409E+06   0.143394E+06   0.979467E-02
   0.516693E+00   0.268305E+06   0.266980E+06  -0.240191E-01  -0.244935E-01   0.165582E+04   0.266896E+06   0.268097E+06   0.266896E+06  -0.637586E-02   0.141130E+06   0.141116E+06   0.952369E-02
   0.522082E+00   0.264071E+06   0.262770E+06  -0.231547E-01  -0.236120E-01   0.159934E+04   0.262685E+06   0.263867E+06   0.262685E+06  -0.627526E-02   0.138904E+06   0.138889E+06   0.926601E-02
   0.527471E+00   0.259925E+06   0.258645E+06  -0.223279E-01  -0.227689E-01   0.154517E+04   0.258561E+06   0.259724E+06   0.258561E+06  -0.617674E-02   0.136723E+06   0.136709E+06   0.902244E-02
   0.532859E+00   0.255864E+06   0.254604E+06  -0.215368E-01  -0.219622E-01   0.149321E+04   0.254521E+06   0.255666E+06   0.254521E+06  -0.608023E-02   0.134587E+06   0.134573E+06   0.879241E-02
   0.538248E+00   0.251888E+06   0.250646E+06  -0.207797E-01  -0.211901E-01   0.144335E+04   0.250565E+06   0.251693E+06   0.250565E+06  -0.598573E-02   0.132495E+06   0.132481E+06   0.857418E-02
   0.543637E+00   0.247995E+06   0.246772E+06  -0.200551E-01  -0.204512E-01   0.139551E+04   0.246693E+06   0.247803E+06   0.246693E+06  -0.589323E-02   0.130447E+06   0.130434E+06   0.836539E-02
   0.549025E+00   0.244190E+06   0.242984E+06  -0.193616E-01  -0.197440E-01   0.134962E+04   0.242907E+06   0.244000E+06   0.242907E+06  -0.580278E-02   0.128445E+06   0.128432E+06   0.816366E-02
   0.554414E+00   0.240476E+06   0.239287E+06  -0.186983E-01  -0.190677E-01   0.130563E+04   0.239212E+06   0.240290E+06   0.239212E+06  -0.571453E-02   0.126492E+06   0.126479E+06   0.796714E-02
   0.559803E+00   0.236861E+06   0.235689E+06  -0.180644E-01  -0.184212E-01   0.126349E+04   0.235616E+06   0.236677E+06   0.235616E+06  -0.562861E-02   0.124590E+06   0.124577E+06   0.777476E-02
   0.565192E+00   0.233343E+06   0.232189E+06  -0.174584E-01  -0.178032E-01   0.122313E+04   0.232116E+06   0.233162E+06   0.232116E+06  -0.554502E-02   0.122740E+06   0.122727E+06   0.758614E-02
   0.570580E+00   0.229917E+06   0.228780E+06  -0.168787E-01  -0.172121E-01   0.118443E+04   0.228708E+06   0.229738E+06   0.228708E+06  -0.546359E-02   0.120938E+06   0.120925E+06   0.740155E-02
   0.575969E+00   0.226574E+06   0.225455E+06  -0.163236E-01  -0.166460E-01   0.114730E+04   0.225383E+06   0.226399E+06   0.225383E+06  -0.538417E-02   0.119180E+06   0.119167E+06   0.722165E-02
   0.581358E+00   0.223312E+06   0.222209E+06  -0.157917E-01  -0.161036E-01   0.111165E+04   0.222138E+06   0.223138E+06   0.222138E+06  -0.530664E-02   0.117463E+06   0.117451E+06   0.704728E-02
   0.586747E+00   0.220124E+06   0.219038E+06  -0.152817E-01  -0.155835E-01   0.107740E+04   0.218967E+06   0.219954E+06   0.218967E+06  -0.523090E-02   0.115787E+06   0.115775E+06   0.687915E-02
   0.592135E+00   0.217007E+06   0.215937E+06  -0.147924E-01  -0.150845E-01   0.104447E+04   0.215866E+06   0.216839E+06   0.215866E+06  -0.515682E-02   0.114147E+06   0.114135E+06   0.671758E-02
   0.597524E+00   0.213953E+06   0.212898E+06  -0.143223E-01  -0.146052E-01   0.101277E+04   0.212828E+06   0.213787E+06   0.212828E+06  -0.508424E-02   0.112541E+06   0.112529E+06   0.656248E-02
   0.602913E+00   0.210958E+06   0.209918E+06  -0.138706E-01  -0.141445E-01   0.982244E+03   0.209849E+06   0.210795E+06   0.209849E+06  -0.501307E-02   0.110965E+06   0.110954E+06   0.641341E-02
   0.608302E+00   0.208024E+06   0.206997E+06  -0.134364E-01  -0.137018E-01   0.952849E+03   0.206930E+06   0.207862E+06   0.206930E+06  -0.494334E-02   0.109422E+06   0.109410E+06   0.626978E-02
   0.613690E+00   0.205152E+06   0.204140E+06  -0.130193E-01  -0.132764E-01   0.924554E+03   0.204074E+06   0.204993E+06   0.204074E+06  -0.487510E-02   0.107911E+06   0.107900E+06   0.613089E-02
   0.619079E+00   0.202344E+06   0.201345E+06  -0.126185E-01  -0.128677E-01   0.897321E+03   0.201280E+06   0.202187E+06   0.201280E+06  -0.480836E-02   0.106434E+06   0.106423E+06   0.599606E-02
   0.624468E+00   0.199596E+06   0.198610E+06  -0.122332E-01  -0.124748E-01   0.871093E+03   0.198546E+06   0.199441E+06   0.198546E+06  -0.474306E-02   0.104989E+06   0.104978E+06   0.586474E-02
   0.629856E+00   0.196907E+06   0.195935E+06  -0.118628E-01  -0.120971E-01   0.845836E+03   0.195872E+06   0.196755E+06   0.195872E+06  -0.467916E-02   0.103574E+06   0.103563E+06   0.573662E-02
   0.681274E+00   0.173944E+06   0.173086E+06  -0.895741E-02  -0.913433E-02   0.646057E+03   0.173029E+06   0.173810E+06   0.173029E+06  -0.413348E-02   0.914957E+05   0.914861E+05   0.468098E-02
   0.736889E+00   0.153525E+06   0.152767E+06  -0.675764E-02  -0.689110E-02   0.492552E+03   0.152716E+06   0.153406E+06   0.152716E+06  -0.364824E-02   0.807547E+05   0.807463E+05   0.381840E-02
   0.797043E+00   0.135398E+06   0.134730E+06  -0.509415E-02  -0.519476E-02   0.374888E+03   0.134685E+06   0.135293E+06   0.134685E+06  -0.321748E-02   0.712198E+05   0.712124E+05   0.311271E-02
   0.862109E+00   0.119323E+06   0.118734E+06  -0.383731E-02  -0.391309E-02   0.284876E+03   0.118694E+06   0.119230E+06   0.118694E+06  -0.283547E-02   0.627641E+05   0.627576E+05   0.253543E-02
   0.932485E+00   0.105080E+06   0.104561E+06  -0.288846E-02  -0.294550E-02   0.216147E+03   0.104526E+06   0.104998E+06   0.104526E+06  -0.249702E-02   0.552723E+05   0.552666E+05   0.206367E-02
   0.100861E+01   0.924743E+05   0.920182E+05  -0.217275E-02  -0.221566E-02   0.163765E+03   0.919869E+05   0.924026E+05   0.919869E+05  -0.219747E-02   0.486418E+05   0.486367E+05   0.167852E-02
   0.109094E+01   0.813263E+05   0.809252E+05  -0.163329E-02  -0.166554E-02   0.123907E+03   0.808976E+05   0.812633E+05   0.808976E+05  -0.193256E-02   0.427779E+05   0.427734E+05   0.136432E-02
   0.118000E+01   0.714757E+05   0.711232E+05  -0.122696E-02  -0.125120E-02   0.936293E+02   0.710989E+05   0.714203E+05   0.710989E+05  -0.169848E-02   0.375964E+05   0.375925E+05   0.110818E-02
   0.127633E+01   0.627805E+05   0.624709E+05  -0.921170E-03  -0.939362E-03   0.706656E+02   0.624495E+05   0.627319E+05   0.624495E+05  -0.149185E-02   0.330227E+05   0.330193E+05   0.899567E-03
   0.138052E+01   0.551095E+05   0.548378E+05  -0.691166E-03  -0.704816E-03   0.532721E+02   0.548188E+05   0.550668E+05   0.548188E+05  -0.130956E-02   0.289877E+05   0.289847E+05   0.729751E-03
   0.149322E+01   0.483480E+05   0.481097E+05  -0.518294E-03  -0.528530E-03   0.401165E+02   0.480930E+05   0.483106E+05   0.480930E+05  -0.114889E-02   0.254312E+05   0.254286E+05   0.591629E-03
   0.161511E+01   0.423925E+05   0.421836E+05  -0.388443E-03  -0.396115E-03   0.301791E+02   0.421689E+05   0.423597E+05   0.421689E+05  -0.100737E-02   0.222986E+05   0.222963E+05   0.479356E-03
   0.174696E+01   0.371509E+05   0.369678E+05  -0.290970E-03  -0.296717E-03   0.226818E+02   0.369549E+05   0.371222E+05   0.369549E+05  -0.882815E-03   0.195415E+05   0.195394E+05   0.388158E-03
   0.188957E+01   0.325402E+05   0.323799E+05  -0.217841E-03  -0.222143E-03   0.170315E+02   0.323686E+05   0.325150E+05   0.323686E+05  -0.773251E-03   0.171162E+05   0.171145E+05   0.314121E-03
   0.201662E+01   0.291431E+05   0.289994E+05  -0.171290E-03  -0.174673E-03   0.134213E+02   0.289893E+05   0.291205E+05   0.289893E+05  -0.692524E-03   0.153293E+05   0.153277E+05   0.263440E-03
   0.252652E+01   0.198408E+05   0.197430E+05  -0.742955E-04  -0.757628E-04   0.585653E+01   0.197361E+05   0.198254E+05   0.197361E+05  -0.471475E-03   0.104363E+05   0.104352E+05   0.142765E-03
   0.316533E+01   0.134587E+05   0.133924E+05  -0.321080E-04  -0.327421E-04   0.254143E+01   0.133877E+05   0.134483E+05   0.133877E+05  -0.319818E-03   0.707931E+04   0.707858E+04   0.769775E-04
   0.396567E+01   0.909931E+04   0.905449E+04  -0.138301E-04  -0.141032E-04   0.109772E+01   0.905129E+04   0.909227E+04   0.905129E+04  -0.216226E-03   0.478626E+04   0.478577E+04   0.412744E-04
   0.496836E+01   0.613339E+04   0.610320E+04  -0.593912E-05  -0.605641E-05   0.472265E+00   0.610103E+04   0.612865E+04   0.610103E+04  -0.145747E-03   0.322618E+04   0.322585E+04   0.219840E-04
   0.622459E+01   0.412282E+04   0.410254E+04  -0.254344E-05  -0.259367E-05   0.202491E+00   0.410107E+04   0.411964E+04   0.410107E+04  -0.979703E-04   0.216862E+04   0.216840E+04   0.116091E-04
   0.779844E+01   0.276432E+04   0.275073E+04  -0.108647E-05  -0.110793E-05   0.865650E-01   0.274973E+04   0.276218E+04   0.274973E+04  -0.656882E-04   0.145404E+04   0.145390E+04   0.605719E-05
